73	75.4	1	5
75.4	77.8	-1	5
77.8	80.2	1	5
80.2	85.0	-1	5
85.0	89.8	1	5
89.8	97.0	-1	5
97.0	99.4	1	5
99.4	104.2	-1	5
104.2	109.0	1	5
109.0	111.4	-1	5
111.4	116.2	1	5
116.2	118.6	-1	5
118.6	130.6	1	5
130.6	135.4	-1	5
135.4	137.8	1	5
137.8	140.2	-1	5
140.2	142.6	1	5
142.6	145.0	-1	5
145.0	147.4	1	5
147.4	149.8	-1	5
149.8	154.6	1	5
154.6	157.0	-1	5
157.0	161.8	1	5
161.8	164.2	-1	5
164.2	166.6	1	5
166.6	169.0	-1	5
169.0	171.4	1	5
171.4	173.8	-1	5
173.8	176.2	1	5
176.2	178.6	-1	5
178.6	183.4	1	5
183.4	185.8	-1	5
185.8	188.2	1	5
188.2	193.0	-1	5
193.0	202.6	1	5
202.6	205.0	-1	5
205.0	207.4	1	5
207.4	212.2	-1	5
212.2	219.4	1	5
343	1473.4	2	5
1473.4	1497	1	0
1485	1497	2	5
1573	1577.8	-1	5
1577.8	1582.6	1	5
1582.6	1585	-1	5
1585	1587.4	1	5
1587.4	1589.8	-1	5
1589.8	1594.6	1	5
1594.6	1601.8	-1	5
1601.8	1606.6	1	5
1606.6	1609.0	-1	5
1609.0	1611.4	1	5
1611.4	1616.2	-1	5
1616.2	1618.6	1	5
1618.6	1621.0	-1	5
1621.0	1623.4	1	5
1623.4	1625.8	-1	5
1625.8	1628.2	1	5
1628.2	1657.0	-1	5
1657.0	1659.4	1	5
1659.4	1661.8	-1	5
1661.8	1666.6	1	5
1666.6	1669.0	-1	5
1669.0	1671.4	1	5
1671.4	1678.6	-1	5
1678.6	1683.4	1	5
1683.4	1685.8	-1	5
1685.8	1690.6	1	5
1690.6	1697.8	-1	5
1697.8	1705.0	1	5
1705.0	1707.4	-1	5
1707.4	1714.6	1	5
1714.6	1719.4	-1	5
1843	2973.4	2	5
2985	2997	2	5
3073	3075.4	1	5
3075.4	3077.8	-1	5
3077.8	3080.2	1	5
3080.2	3087.4	-1	5
3087.4	3089.8	1	5
3089.8	3097	-1	5
3097	3101.8	1	5
3101.8	3106.6	-1	5
3106.6	3113.8	1	5
3113.8	3118.6	-1	5
3118.6	3121.0	1	5
3121.0	3123.4	-1	5
3123.4	3125.8	1	5
3125.8	3130.6	-1	5
3130.6	3135.4	1	5
3135.4	3140.2	-1	5
3140.2	3142.6	1	5
3142.6	3147.4	-1	5
3147.4	3152.2	1	5
3152.2	3154.6	-1	5
3154.6	3159.4	1	5
3159.4	3166.6	-1	5
3166.6	3169.0	1	5
3169.0	3176.2	-1	5
3176.2	3183.4	1	5
3183.4	3188.2	-1	5
3188.2	3202.6	1	5
3202.6	3205.0	-1	5
3205.0	3209.8	1	5
3209.8	3217.0	-1	5
3217.0	3219.4	1	5
3343	4473.4	2	5
4473.4	4497	1	0
4485	4497	2	5
4573	4577.8	-1	5
4577.8	4592.2	1	5
4592.2	4594.6	-1	5
4594.6	4599.4	1	5
4599.4	4601.8	-1	5
4601.8	4604.2	1	5
4604.2	4613.8	-1	5
4613.8	4621.0	1	5
4621.0	4625.8	-1	5
4625.8	4645.0	1	5
4645.0	4647.4	-1	5
4647.4	4649.8	1	5
4649.8	4652.2	-1	5
4652.2	4659.4	1	5
4659.4	4666.6	-1	5
4666.6	4685.8	1	5
4685.8	4693.0	-1	5
4693.0	4695.4	1	5
4695.4	4697.8	-1	5
4697.8	4700.2	1	5
4700.2	4702.6	-1	5
4702.6	4707.4	1	5
4707.4	4709.8	-1	5
4709.8	4714.6	1	5
4714.6	4717.0	-1	5
4717.0	4719.4	1	5
4843	5973.4	2	5
5985	5997	2	5
6073	6075.4	-1	5
6075.4	6077.8	1	5
6077.8	6085.0	-1	5
6085.0	6094.6	1	5
6094.6	6097.0	-1	5
6097.0	6106.6	1	5
6106.6	6109.0	-1	5
6109.0	6113.8	1	5
6113.8	6116.2	-1	5
6116.2	6118.6	1	5
6118.6	6121.0	-1	5
6121.0	6123.4	1	5
6123.4	6125.8	-1	5
6125.8	6130.6	1	5
6130.6	6133.0	-1	5
6133.0	6135.4	1	5
6135.4	6140.2	-1	5
6140.2	6145.0	1	5
6145.0	6149.8	-1	5
6149.8	6157.0	1	5
6157.0	6159.4	-1	5
6159.4	6161.8	1	5
6161.8	6166.6	-1	5
6166.6	6169.0	1	5
6169.0	6173.8	-1	5
6173.8	6176.2	1	5
6176.2	6178.6	-1	5
6178.6	6185.8	1	5
6185.8	6190.6	-1	5
6190.6	6200.2	1	5
6200.2	6202.6	-1	5
6202.6	6207.4	1	5
6207.4	6219.4	-1	5
6343	7473.4	2	5
7473.4	7497	1	0
7485	7497	2	5
7573	7575.4	1	5
7575.4	7592.2	-1	5
7592.2	7597	1	5
7597	7599.4	-1	5
7599.4	7604.2	1	5
7604.2	7616.2	-1	5
7616.2	7621	1	5
7621	7623.4	-1	5
7623.4	7628.2	1	5
7628.2	7633	-1	5
7633	7635.4	1	5
7635.4	7637.8	-1	5
7637.8	7642.6	1	5
7642.6	7647.4	-1	5
7647.4	7649.8	1	5
7649.8	7659.4	-1	5
7659.4	7669	1	5
7669	7683.4	-1	5
7683.4	7685.8	1	5
7685.8	7690.6	-1	5
7690.6	7693.0	1	5
7693.0	7695.4	-1	5
7695.4	7700.2	1	5
7700.2	7707.4	-1	5
7707.4	7714.6	1	5
7714.6	7717.0	-1	5
7717.0	7719.4	1	5
7843	8973.4	2	5
8985	8997	2	5
9073	9075.4	1	5
9075.4	9077.8	-1	5
9077.8	9080.2	1	5
9080.2	9082.6	-1	5
9082.6	9085.0	1	5
9085.0	9087.4	-1	5
9087.4	9089.8	1	5
9089.8	9092.2	-1	5
9092.2	9094.6	1	5
9094.6	9101.8	-1	5
9101.8	9106.6	1	5
9106.6	9109.0	-1	5
9109.0	9111.4	1	5
9111.4	9116.2	-1	5
9116.2	9118.6	1	5
9118.6	9125.8	-1	5
9125.8	9128.2	1	5
9128.2	9130.6	-1	5
9130.6	9133.0	1	5
9133.0	9137.8	-1	5
9137.8	9149.8	1	5
9149.8	9152.2	-1	5
9152.2	9159.4	1	5
9159.4	9169.0	-1	5
9169.0	9171.4	1	5
9171.4	9173.8	-1	5
9173.8	9181.0	1	5
9181.0	9183.4	-1	5
9183.4	9185.8	1	5
9185.8	9188.2	-1	5
9188.2	9193.0	1	5
9193.0	9195.4	-1	5
9195.4	9197.8	1	5
9197.8	9200.2	-1	5
9200.2	9202.6	1	5
9202.6	9205.0	-1	5
9205.0	9209.8	1	5
9209.8	9212.2	-1	5
9212.2	9214.6	1	5
9214.6	9219.4	-1	5
9343	10473.4	2	5
10473.4	10497	1	0
10485	10497	2	5
10573	10580.2	-1	5
10580.2	10585	1	5
10585	10589.8	-1	5
10589.8	10592.2	1	5
10592.2	10597.0	-1	5
10597.0	10601.8	1	5
10601.8	10606.6	-1	5
10606.6	10609.0	1	5
10609.0	10618.6	-1	5
10618.6	10623.4	1	5
10623.4	10625.8	-1	5
10625.8	10630.6	1	5
10630.6	10633.0	-1	5
10633.0	10637.8	1	5
10637.8	10640.2	-1	5
10640.2	10642.6	1	5
10642.6	10645.0	-1	5
10645.0	10647.4	1	5
10647.4	10657.0	-1	5
10657.0	10661.8	1	5
10661.8	10666.6	-1	5
10666.6	10671.4	1	5
10671.4	10673.8	-1	5
10673.8	10676.2	1	5
10676.2	10678.6	-1	5
10678.6	10685.8	1	5
10685.8	10688.2	-1	5
10688.2	10690.6	1	5
10690.6	10695.4	-1	5
10695.4	10700.2	1	5
10700.2	10702.6	-1	5
10702.6	10705.0	1	5
10705.0	10712.2	-1	5
10712.2	10714.6	1	5
10714.6	10719.4	-1	5
10843	11973.4	2	5
11985	11997	2	5
12073	12080.2	-1	5
12080.2	12089.8	1	5
12089.8	12094.6	-1	5
12094.6	12106.6	1	5
12106.6	12109	-1	5
12109	12116.2	1	5
12116.2	12121	-1	5
12121	12123.4	1	5
12123.4	12125.8	-1	5
12125.8	12137.8	1	5
12137.8	12145	-1	5
12145	12147.4	1	5
12147.4	12152.2	-1	5
12152.2	12157.0	1	5
12157.0	12159.4	-1	5
12159.4	12169.0	1	5
12169.0	12171.4	-1	5
12171.4	12178.6	1	5
12178.6	12190.6	-1	5
12190.6	12195.4	1	5
12195.4	12197.8	-1	5
12197.8	12200.2	1	5
12200.2	12202.6	-1	5
12202.6	12205.0	1	5
12205.0	12207.4	-1	5
12207.4	12212.2	1	5
12212.2	12214.6	-1	5
12214.6	12219.4	1	5
12343	13473.4	2	5
13473.4	13497	1	0
13485	13497	2	5
13573	13575.4	1	5
13575.4	13577.8	-1	5
13577.8	13580.2	1	5
13580.2	13585.0	-1	5
13585.0	13587.4	1	5
13587.4	13589.8	-1	5
13589.8	13592.2	1	5
13592.2	13597.0	-1	5
13597.0	13599.4	1	5
13599.4	13601.8	-1	5
13601.8	13606.6	1	5
13606.6	13609.0	-1	5
13609.0	13613.8	1	5
13613.8	13616.2	-1	5
13616.2	13623.4	1	5
13623.4	13625.8	-1	5
13625.8	13630.6	1	5
13630.6	13633.0	-1	5
13633.0	13640.2	1	5
13640.2	13642.6	-1	5
13642.6	13645.0	1	5
13645.0	13652.2	-1	5
13652.2	13657.0	1	5
13657.0	13664.2	-1	5
13664.2	13671.4	1	5
13671.4	13678.6	-1	5
13678.6	13683.4	1	5
13683.4	13685.8	-1	5
13685.8	13688.2	1	5
13688.2	13697.8	-1	5
13697.8	13702.6	1	5
13702.6	13714.6	-1	5
13714.6	13719.4	1	5
13843	14973.4	2	5
14985	14997	2	5
15073	15080.2	1	5
15080.2	15094.6	-1	5
15094.6	15099.4	1	5
15099.4	15101.8	-1	5
15101.8	15104.2	1	5
15104.2	15111.4	-1	5
15111.4	15113.8	1	5
15113.8	15116.2	-1	5
15116.2	15118.6	1	5
15118.6	15121.0	-1	5
15121.0	15123.4	1	5
15123.4	15125.8	-1	5
15125.8	15130.6	1	5
15130.6	15135.4	-1	5
15135.4	15137.8	1	5
15137.8	15140.2	-1	5
15140.2	15142.6	1	5
15142.6	15147.4	-1	5
15147.4	15152.2	1	5
15152.2	15157.0	-1	5
15157.0	15164.2	1	5
15164.2	15166.6	-1	5
15166.6	15169.0	1	5
15169.0	15171.4	-1	5
15171.4	15173.8	1	5
15173.8	15181.0	-1	5
15181.0	15185.8	1	5
15185.8	15188.2	-1	5
15188.2	15190.6	1	5
15190.6	15195.4	-1	5
15195.4	15197.8	1	5
15197.8	15200.2	-1	5
15200.2	15202.6	1	5
15202.6	15214.6	-1	5
15214.6	15219.4	1	5
15343	16473.4	2	5
16473.4	16497	1	0
16485	16497	2	5
16573	16575.4	1	5
16575.4	16577.8	-1	5
16577.8	16582.6	1	5
16582.6	16587.4	-1	5
16587.4	16594.6	1	5
16594.6	16597.0	-1	5
16597.0	16606.6	1	5
16606.6	16613.8	-1	5
16613.8	16616.2	1	5
16616.2	16630.6	-1	5
16630.6	16633.0	1	5
16633.0	16640.2	-1	5
16640.2	16642.6	1	5
16642.6	16645.0	-1	5
16645.0	16657.0	1	5
16657.0	16664.2	-1	5
16664.2	16666.6	1	5
16666.6	16669.0	-1	5
16669.0	16671.4	1	5
16671.4	16678.6	-1	5
16678.6	16681.0	1	5
16681.0	16690.6	-1	5
16690.6	16693.0	1	5
16693.0	16695.4	-1	5
16695.4	16705.0	1	5
16705.0	16707.4	-1	5
16707.4	16714.6	1	5
16714.6	16719.4	-1	5
16843	17973.4	2	5
17985	17997	2	5
18073	18077.8	-1	5
18077.8	18085	1	5
18085	18087.4	-1	5
18087.4	18089.8	1	5
18089.8	18092.2	-1	5
18092.2	18094.6	1	5
18094.6	18104.2	-1	5
18104.2	18106.6	1	5
18106.6	18111.4	-1	5
18111.4	18116.2	1	5
18116.2	18118.6	-1	5
18118.6	18123.4	1	5
18123.4	18125.8	-1	5
18125.8	18130.6	1	5
18130.6	18133.0	-1	5
18133.0	18149.8	1	5
18149.8	18152.2	-1	5
18152.2	18154.6	1	5
18154.6	18157.0	-1	5
18157.0	18193.0	1	5
18193.0	18202.6	-1	5
18202.6	18205.0	1	5
18205.0	18209.8	-1	5
18209.8	18214.6	1	5
18214.6	18219.4	-1	5
18343	19473.4	2	5
19473.4	19497	1	0
19485	19497	2	5
19573	19580.2	1	5
19580.2	19582.6	-1	5
19582.6	19585.0	1	5
19585.0	19587.4	-1	5
19587.4	19589.8	1	5
19589.8	19594.6	-1	5
19594.6	19599.4	1	5
19599.4	19611.4	-1	5
19611.4	19613.8	1	5
19613.8	19616.2	-1	5
19616.2	19618.6	1	5
19618.6	19621.0	-1	5
19621.0	19623.4	1	5
19623.4	19625.8	-1	5
19625.8	19628.2	1	5
19628.2	19633.0	-1	5
19633.0	19642.6	1	5
19642.6	19645.0	-1	5
19645.0	19647.4	1	5
19647.4	19657.0	-1	5
19657.0	19661.8	1	5
19661.8	19664.2	-1	5
19664.2	19666.6	1	5
19666.6	19671.4	-1	5
19671.4	19673.8	1	5
19673.8	19676.2	-1	5
19676.2	19678.6	1	5
19678.6	19683.4	-1	5
19683.4	19685.8	1	5
19685.8	19690.6	-1	5
19690.6	19693.0	1	5
19693.0	19695.4	-1	5
19695.4	19709.8	1	5
19709.8	19712.2	-1	5
19712.2	19719.4	1	5
19843	20973.4	2	5
20985	20997	2	5
21073	21085	-1	5
21085	21087.4	1	5
21087.4	21101.8	-1	5
21101.8	21106.6	1	5
21106.6	21109.0	-1	5
21109.0	21123.4	1	5
21123.4	21125.8	-1	5
21125.8	21135.4	1	5
21135.4	21145.0	-1	5
21145.0	21147.4	1	5
21147.4	21154.6	-1	5
21154.6	21164.2	1	5
21164.2	21166.6	-1	5
21166.6	21173.8	1	5
21173.8	21176.2	-1	5
21176.2	21190.6	1	5
21190.6	21193.0	-1	5
21193.0	21195.4	1	5
21195.4	21200.2	-1	5
21200.2	21205.0	1	5
21205.0	21207.4	-1	5
21207.4	21217.0	1	5
21217.0	21219.4	-1	5
21343	22473.4	2	5
22473.4	22497	1	0
22485	22497	2	5
22573	22575.4	1	5
22575.4	22577.8	-1	5
22577.8	22582.6	1	5
22582.6	22589.8	-1	5
22589.8	22601.8	1	5
22601.8	22606.6	-1	5
22606.6	22613.8	1	5
22613.8	22616.2	-1	5
22616.2	22618.6	1	5
22618.6	22625.8	-1	5
22625.8	22628.2	1	5
22628.2	22630.6	-1	5
22630.6	22633.0	1	5
22633.0	22637.8	-1	5
22637.8	22645.0	1	5
22645.0	22647.4	-1	5
22647.4	22649.8	1	5
22649.8	22659.4	-1	5
22659.4	22664.2	1	5
22664.2	22671.4	-1	5
22671.4	22683.4	1	5
22683.4	22695.4	-1	5
22695.4	22700.2	1	5
22700.2	22705.0	-1	5
22705.0	22707.4	1	5
22707.4	22709.8	-1	5
22709.8	22712.2	1	5
22712.2	22717.0	-1	5
22717.0	22719.4	1	5
22843	23973.4	2	5
23985	23997	2	5
24073	24075.4	-1	5
24075.4	24077.8	1	5
24077.8	24080.2	-1	5
24080.2	24085.0	1	5
24085.0	24087.4	-1	5
24087.4	24089.8	1	5
24089.8	24097.0	-1	5
24097.0	24099.4	1	5
24099.4	24101.8	-1	5
24101.8	24111.4	1	5
24111.4	24118.6	-1	5
24118.6	24121.0	1	5
24121.0	24133.0	-1	5
24133.0	24135.4	1	5
24135.4	24137.8	-1	5
24137.8	24140.2	1	5
24140.2	24145.0	-1	5
24145.0	24152.2	1	5
24152.2	24154.6	-1	5
24154.6	24159.4	1	5
24159.4	24169.0	-1	5
24169.0	24171.4	1	5
24171.4	24173.8	-1	5
24173.8	24178.6	1	5
24178.6	24181.0	-1	5
24181.0	24185.8	1	5
24185.8	24197.8	-1	5
24197.8	24200.2	1	5
24200.2	24205.0	-1	5
24205.0	24209.8	1	5
24209.8	24212.2	-1	5
24212.2	24214.6	1	5
24214.6	24217.0	-1	5
24217.0	24219.4	1	5
24343	25473.4	2	5
25473.4	25497	1	0
25485	25497	2	5
25573	25575.4	1	5
25575.4	25577.8	-1	5
25577.8	25582.6	1	5
25582.6	25585.0	-1	5
25585.0	25589.8	1	5
25589.8	25594.6	-1	5
25594.6	25599.4	1	5
25599.4	25611.4	-1	5
25611.4	25613.8	1	5
25613.8	25621.0	-1	5
25621.0	25625.8	1	5
25625.8	25630.6	-1	5
25630.6	25635.4	1	5
25635.4	25642.6	-1	5
25642.6	25649.8	1	5
25649.8	25652.2	-1	5
25652.2	25654.6	1	5
25654.6	25666.6	-1	5
25666.6	25669.0	1	5
25669.0	25671.4	-1	5
25671.4	25681.0	1	5
25681.0	25685.8	-1	5
25685.8	25688.2	1	5
25688.2	25690.6	-1	5
25690.6	25693.0	1	5
25693.0	25697.8	-1	5
25697.8	25700.2	1	5
25700.2	25719.4	-1	5
25843	26973.4	2	5
26985	26997	2	5
27073	27077.8	-1	5
27077.8	27085	1	5
27085	27089.8	-1	5
27089.8	27094.6	1	5
27094.6	27104.2	-1	5
27104.2	27106.6	1	5
27106.6	27109	-1	5
27109	27111.4	1	5
27111.4	27113.8	-1	5
27113.8	27116.2	1	5
27116.2	27121.0	-1	5
27121.0	27123.4	1	5
27123.4	27130.6	-1	5
27130.6	27135.4	1	5
27135.4	27140.2	-1	5
27140.2	27147.4	1	5
27147.4	27149.8	-1	5
27149.8	27154.6	1	5
27154.6	27157.0	-1	5
27157.0	27166.6	1	5
27166.6	27171.4	-1	5
27171.4	27181.0	1	5
27181.0	27183.4	-1	5
27183.4	27185.8	1	5
27185.8	27188.2	-1	5
27188.2	27190.6	1	5
27190.6	27193.0	-1	5
27193.0	27200.2	1	5
27200.2	27205.0	-1	5
27205.0	27207.4	1	5
27207.4	27212.2	-1	5
27212.2	27217.0	1	5
27217.0	27219.4	-1	5
27343	28473.4	2	5
28473.4	28497	1	0
28485	28497	2	5
28573	28582.6	-1	5
28582.6	28585	1	5
28585	28587.4	-1	5
28587.4	28592.2	1	5
28592.2	28597	-1	5
28597	28599.4	1	5
28599.4	28606.6	-1	5
28606.6	28609.0	1	5
28609.0	28611.4	-1	5
28611.4	28623.4	1	5
28623.4	28625.8	-1	5
28625.8	28628.2	1	5
28628.2	28630.6	-1	5
28630.6	28633.0	1	5
28633.0	28640.2	-1	5
28640.2	28642.6	1	5
28642.6	28649.8	-1	5
28649.8	28654.6	1	5
28654.6	28661.8	-1	5
28661.8	28669.0	1	5
28669.0	28671.4	-1	5
28671.4	28678.6	1	5
28678.6	28683.4	-1	5
28683.4	28685.8	1	5
28685.8	28688.2	-1	5
28688.2	28690.6	1	5
28690.6	28693.0	-1	5
28693.0	28695.4	1	5
28695.4	28697.8	-1	5
28697.8	28707.4	1	5
28707.4	28709.8	-1	5
28709.8	28712.2	1	5
28712.2	28714.6	-1	5
28714.6	28719.4	1	5
28843	29973.4	2	5
29985	29997	2	5
30073	30075.4	-1	5
30075.4	30085	1	5
30085	30089.8	-1	5
30089.8	30092.2	1	5
30092.2	30094.6	-1	5
30094.6	30097.0	1	5
30097.0	30099.4	-1	5
30099.4	30106.6	1	5
30106.6	30113.8	-1	5
30113.8	30118.6	1	5
30118.6	30121.0	-1	5
30121.0	30123.4	1	5
30123.4	30128.2	-1	5
30128.2	30130.6	1	5
30130.6	30133.0	-1	5
30133.0	30140.2	1	5
30140.2	30145.0	-1	5
30145.0	30149.8	1	5
30149.8	30152.2	-1	5
30152.2	30154.6	1	5
30154.6	30157.0	-1	5
30157.0	30159.4	1	5
30159.4	30161.8	-1	5
30161.8	30171.4	1	5
30171.4	30173.8	-1	5
30173.8	30176.2	1	5
30176.2	30178.6	-1	5
30178.6	30181.0	1	5
30181.0	30183.4	-1	5
30183.4	30188.2	1	5
30188.2	30193.0	-1	5
30193.0	30202.6	1	5
30202.6	30207.4	-1	5
30207.4	30209.8	1	5
30209.8	30217.0	-1	5
30217.0	30219.4	1	5
30343	31473.4	2	5
31473.4	31497	1	0
31485	31497	2	5
31573	31575.4	-1	5
31575.4	31577.8	1	5
31577.8	31582.6	-1	5
31582.6	31585.0	1	5
31585.0	31587.4	-1	5
31587.4	31589.8	1	5
31589.8	31604.2	-1	5
31604.2	31609.0	1	5
31609.0	31611.4	-1	5
31611.4	31618.6	1	5
31618.6	31623.4	-1	5
31623.4	31635.4	1	5
31635.4	31637.8	-1	5
31637.8	31640.2	1	5
31640.2	31642.6	-1	5
31642.6	31647.4	1	5
31647.4	31654.6	-1	5
31654.6	31657.0	1	5
31657.0	31659.4	-1	5
31659.4	31664.2	1	5
31664.2	31666.6	-1	5
31666.6	31669.0	1	5
31669.0	31678.6	-1	5
31678.6	31685.8	1	5
31685.8	31688.2	-1	5
31688.2	31695.4	1	5
31695.4	31697.8	-1	5
31697.8	31702.6	1	5
31702.6	31707.4	-1	5
31707.4	31719.4	1	5
31843	32973.4	2	5
32985	32997	2	5
33073	33075.4	-1	5
33075.4	33077.8	1	5
33077.8	33087.4	-1	5
33087.4	33089.8	1	5
33089.8	33092.2	-1	5
33092.2	33097.0	1	5
33097.0	33099.4	-1	5
33099.4	33104.2	1	5
33104.2	33113.8	-1	5
33113.8	33121.0	1	5
33121.0	33125.8	-1	5
33125.8	33137.8	1	5
33137.8	33140.2	-1	5
33140.2	33142.6	1	5
33142.6	33145.0	-1	5
33145.0	33147.4	1	5
33147.4	33152.2	-1	5
33152.2	33157.0	1	5
33157.0	33161.8	-1	5
33161.8	33176.2	1	5
33176.2	33181.0	-1	5
33181.0	33185.8	1	5
33185.8	33188.2	-1	5
33188.2	33200.2	1	5
33200.2	33202.6	-1	5
33202.6	33209.8	1	5
33209.8	33212.2	-1	5
33212.2	33214.6	1	5
33214.6	33217.0	-1	5
33217.0	33219.4	1	5
33343	34473.4	2	5
34473.4	34497	1	0
34485	34497	2	5
34573	34577.8	-1	5
34577.8	34580.2	1	5
34580.2	34589.8	-1	5
34589.8	34601.8	1	5
34601.8	34606.6	-1	5
34606.6	34609.0	1	5
34609.0	34613.8	-1	5
34613.8	34616.2	1	5
34616.2	34621.0	-1	5
34621.0	34623.4	1	5
34623.4	34630.6	-1	5
34630.6	34633.0	1	5
34633.0	34635.4	-1	5
34635.4	34647.4	1	5
34647.4	34654.6	-1	5
34654.6	34657.0	1	5
34657.0	34659.4	-1	5
34659.4	34671.4	1	5
34671.4	34681.0	-1	5
34681.0	34683.4	1	5
34683.4	34685.8	-1	5
34685.8	34688.2	1	5
34688.2	34690.6	-1	5
34690.6	34707.4	1	5
34707.4	34709.8	-1	5
34709.8	34712.2	1	5
34712.2	34714.6	-1	5
34714.6	34717.0	1	5
34717.0	34719.4	-1	5
34843	35973.4	2	5
35985	35997	2	5
36073	36075.4	1	5
36075.4	36077.8	-1	5
36077.8	36082.6	1	5
36082.6	36085.0	-1	5
36085.0	36087.4	1	5
36087.4	36094.6	-1	5
36094.6	36097.0	1	5
36097.0	36109.0	-1	5
36109.0	36111.4	1	5
36111.4	36118.6	-1	5
36118.6	36121.0	1	5
36121.0	36125.8	-1	5
36125.8	36130.6	1	5
36130.6	36135.4	-1	5
36135.4	36140.2	1	5
36140.2	36145.0	-1	5
36145.0	36147.4	1	5
36147.4	36149.8	-1	5
36149.8	36152.2	1	5
36152.2	36157.0	-1	5
36157.0	36161.8	1	5
36161.8	36171.4	-1	5
36171.4	36173.8	1	5
36173.8	36178.6	-1	5
36178.6	36183.4	1	5
36183.4	36188.2	-1	5
36188.2	36195.4	1	5
36195.4	36202.6	-1	5
36202.6	36205.0	1	5
36205.0	36207.4	-1	5
36207.4	36209.8	1	5
36209.8	36212.2	-1	5
36212.2	36214.6	1	5
36214.6	36219.4	-1	5
36343	37473.4	2	5
37473.4	37497	1	0
37485	37497	2	5
37573	37585	1	5
37585	37592.2	-1	5
37592.2	37597	1	5
37597	37601.8	-1	5
37601.8	37606.6	1	5
37606.6	37613.8	-1	5
37613.8	37616.2	1	5
37616.2	37618.6	-1	5
37618.6	37621.0	1	5
37621.0	37630.6	-1	5
37630.6	37633.0	1	5
37633.0	37637.8	-1	5
37637.8	37640.2	1	5
37640.2	37647.4	-1	5
37647.4	37652.2	1	5
37652.2	37654.6	-1	5
37654.6	37659.4	1	5
37659.4	37664.2	-1	5
37664.2	37666.6	1	5
37666.6	37669.0	-1	5
37669.0	37676.2	1	5
37676.2	37678.6	-1	5
37678.6	37683.4	1	5
37683.4	37685.8	-1	5
37685.8	37690.6	1	5
37690.6	37695.4	-1	5
37695.4	37697.8	1	5
37697.8	37700.2	-1	5
37700.2	37702.6	1	5
37702.6	37712.2	-1	5
37712.2	37717.0	1	5
37717.0	37719.4	-1	5
37843	38973.4	2	5
38985	38997	2	5
39073	39077.8	-1	5
39077.8	39082.6	1	5
39082.6	39087.4	-1	5
39087.4	39089.8	1	5
39089.8	39092.2	-1	5
39092.2	39094.6	1	5
39094.6	39097.0	-1	5
39097.0	39101.8	1	5
39101.8	39104.2	-1	5
39104.2	39111.4	1	5
39111.4	39116.2	-1	5
39116.2	39121.0	1	5
39121.0	39123.4	-1	5
39123.4	39125.8	1	5
39125.8	39133.0	-1	5
39133.0	39140.2	1	5
39140.2	39142.6	-1	5
39142.6	39145.0	1	5
39145.0	39149.8	-1	5
39149.8	39152.2	1	5
39152.2	39159.4	-1	5
39159.4	39166.6	1	5
39166.6	39169.0	-1	5
39169.0	39171.4	1	5
39171.4	39173.8	-1	5
39173.8	39176.2	1	5
39176.2	39178.6	-1	5
39178.6	39181.0	1	5
39181.0	39183.4	-1	5
39183.4	39190.6	1	5
39190.6	39193.0	-1	5
39193.0	39195.4	1	5
39195.4	39197.8	-1	5
39197.8	39200.2	1	5
39200.2	39205.0	-1	5
39205.0	39207.4	1	5
39207.4	39212.2	-1	5
39212.2	39217.0	1	5
39217.0	39219.4	-1	5
39343	40473.4	2	5
40473.4	40497	1	0
40485	40497	2	5
40573	40575.4	-1	5
40575.4	40580.2	1	5
40580.2	40582.6	-1	5
40582.6	40585.0	1	5
40585.0	40587.4	-1	5
40587.4	40594.6	1	5
40594.6	40601.8	-1	5
40601.8	40606.6	1	5
40606.6	40609.0	-1	5
40609.0	40611.4	1	5
40611.4	40623.4	-1	5
40623.4	40625.8	1	5
40625.8	40630.6	-1	5
40630.6	40635.4	1	5
40635.4	40645.0	-1	5
40645.0	40647.4	1	5
40647.4	40649.8	-1	5
40649.8	40652.2	1	5
40652.2	40654.6	-1	5
40654.6	40657.0	1	5
40657.0	40659.4	-1	5
40659.4	40661.8	1	5
40661.8	40664.2	-1	5
40664.2	40666.6	1	5
40666.6	40671.4	-1	5
40671.4	40683.4	1	5
40683.4	40685.8	-1	5
40685.8	40688.2	1	5
40688.2	40702.6	-1	5
40702.6	40705.0	1	5
40705.0	40714.6	-1	5
40714.6	40717.0	1	5
40717.0	40719.4	-1	5
40843	41973.4	2	5
41985	41997	2	5
42073	42075.4	-1	5
42075.4	42080.2	1	5
42080.2	42082.6	-1	5
42082.6	42085.0	1	5
42085.0	42089.8	-1	5
42089.8	42092.2	1	5
42092.2	42104.2	-1	5
42104.2	42106.6	1	5
42106.6	42118.6	-1	5
42118.6	42123.4	1	5
42123.4	42133.0	-1	5
42133.0	42135.4	1	5
42135.4	42137.8	-1	5
42137.8	42140.2	1	5
42140.2	42145.0	-1	5
42145.0	42149.8	1	5
42149.8	42154.6	-1	5
42154.6	42157.0	1	5
42157.0	42164.2	-1	5
42164.2	42166.6	1	5
42166.6	42171.4	-1	5
42171.4	42176.2	1	5
42176.2	42178.6	-1	5
42178.6	42181.0	1	5
42181.0	42188.2	-1	5
42188.2	42197.8	1	5
42197.8	42200.2	-1	5
42200.2	42202.6	1	5
42202.6	42205.0	-1	5
42205.0	42207.4	1	5
42207.4	42214.6	-1	5
42214.6	42219.4	1	5
42343	43473.4	2	5
43473.4	43497	1	0
43485	43497	2	5
43573	43585	-1	5
43585	43587.4	1	5
43587.4	43592.2	-1	5
43592.2	43594.6	1	5
43594.6	43597.0	-1	5
43597.0	43601.8	1	5
43601.8	43611.4	-1	5
43611.4	43613.8	1	5
43613.8	43618.6	-1	5
43618.6	43621.0	1	5
43621.0	43623.4	-1	5
43623.4	43625.8	1	5
43625.8	43628.2	-1	5
43628.2	43633.0	1	5
43633.0	43637.8	-1	5
43637.8	43640.2	1	5
43640.2	43647.4	-1	5
43647.4	43652.2	1	5
43652.2	43654.6	-1	5
43654.6	43661.8	1	5
43661.8	43664.2	-1	5
43664.2	43669.0	1	5
43669.0	43671.4	-1	5
43671.4	43673.8	1	5
43673.8	43676.2	-1	5
43676.2	43678.6	1	5
43678.6	43681.0	-1	5
43681.0	43683.4	1	5
43683.4	43685.8	-1	5
43685.8	43688.2	1	5
43688.2	43690.6	-1	5
43690.6	43693.0	1	5
43693.0	43700.2	-1	5
43700.2	43709.8	1	5
43709.8	43712.2	-1	5
43712.2	43717.0	1	5
43717.0	43719.4	-1	5
43843	44973.4	2	5
44985	44997	2	5
45073	45075.4	-1	5
45075.4	45089.8	1	5
45089.8	45092.2	-1	5
45092.2	45094.6	1	5
45094.6	45101.8	-1	5
45101.8	45104.2	1	5
45104.2	45106.6	-1	5
45106.6	45111.4	1	5
45111.4	45116.2	-1	5
45116.2	45125.8	1	5
45125.8	45128.2	-1	5
45128.2	45130.6	1	5
45130.6	45137.8	-1	5
45137.8	45140.2	1	5
45140.2	45147.4	-1	5
45147.4	45152.2	1	5
45152.2	45154.6	-1	5
45154.6	45157.0	1	5
45157.0	45161.8	-1	5
45161.8	45164.2	1	5
45164.2	45171.4	-1	5
45171.4	45181.0	1	5
45181.0	45183.4	-1	5
45183.4	45188.2	1	5
45188.2	45193.0	-1	5
45193.0	45197.8	1	5
45197.8	45200.2	-1	5
45200.2	45205.0	1	5
45205.0	45207.4	-1	5
45207.4	45209.8	1	5
45209.8	45219.4	-1	5
45343	46473.4	2	5
46473.4	46497	1	0
46485	46497	2	5
46573	46575.4	1	5
46575.4	46577.8	-1	5
46577.8	46585	1	5
46585	46587.4	-1	5
46587.4	46592.2	1	5
46592.2	46594.6	-1	5
46594.6	46597.0	1	5
46597.0	46599.4	-1	5
46599.4	46611.4	1	5
46611.4	46621.0	-1	5
46621.0	46628.2	1	5
46628.2	46630.6	-1	5
46630.6	46633.0	1	5
46633.0	46635.4	-1	5
46635.4	46640.2	1	5
46640.2	46642.6	-1	5
46642.6	46649.8	1	5
46649.8	46654.6	-1	5
46654.6	46657.0	1	5
46657.0	46661.8	-1	5
46661.8	46669.0	1	5
46669.0	46671.4	-1	5
46671.4	46676.2	1	5
46676.2	46683.4	-1	5
46683.4	46685.8	1	5
46685.8	46690.6	-1	5
46690.6	46695.4	1	5
46695.4	46700.2	-1	5
46700.2	46707.4	1	5
46707.4	46709.8	-1	5
46709.8	46712.2	1	5
46712.2	46714.6	-1	5
46714.6	46719.4	1	5
46843	47973.4	2	5
47985	47997	2	5
48073	48080.2	-1	5
48080.2	48085	1	5
48085	48089.8	-1	5
48089.8	48092.2	1	5
48092.2	48099.4	-1	5
48099.4	48106.6	1	5
48106.6	48118.6	-1	5
48118.6	48121	1	5
48121	48125.8	-1	5
48125.8	48128.2	1	5
48128.2	48130.6	-1	5
48130.6	48133.0	1	5
48133.0	48135.4	-1	5
48135.4	48137.8	1	5
48137.8	48147.4	-1	5
48147.4	48149.8	1	5
48149.8	48154.6	-1	5
48154.6	48159.4	1	5
48159.4	48161.8	-1	5
48161.8	48164.2	1	5
48164.2	48166.6	-1	5
48166.6	48169.0	1	5
48169.0	48171.4	-1	5
48171.4	48173.8	1	5
48173.8	48178.6	-1	5
48178.6	48181.0	1	5
48181.0	48185.8	-1	5
48185.8	48205.0	1	5
48205.0	48214.6	-1	5
48214.6	48217.0	1	5
48217.0	48219.4	-1	5
48343	49473.4	2	5
49473.4	49497	1	0
49485	49497	2	5
49573	49577.8	1	5
49577.8	49582.6	-1	5
49582.6	49587.4	1	5
49587.4	49589.8	-1	5
49589.8	49594.6	1	5
49594.6	49599.4	-1	5
49599.4	49601.8	1	5
49601.8	49618.6	-1	5
49618.6	49633.0	1	5
49633.0	49640.2	-1	5
49640.2	49642.6	1	5
49642.6	49649.8	-1	5
49649.8	49652.2	1	5
49652.2	49661.8	-1	5
49661.8	49664.2	1	5
49664.2	49669.0	-1	5
49669.0	49671.4	1	5
49671.4	49673.8	-1	5
49673.8	49681.0	1	5
49681.0	49683.4	-1	5
49683.4	49688.2	1	5
49688.2	49693.0	-1	5
49693.0	49695.4	1	5
49695.4	49700.2	-1	5
49700.2	49702.6	1	5
49702.6	49705.0	-1	5
49705.0	49707.4	1	5
49707.4	49712.2	-1	5
49712.2	49719.4	1	5
49843	50973.4	2	5
50985	50997	2	5
51073	51075.4	1	5
51075.4	51080.2	-1	5
51080.2	51082.6	1	5
51082.6	51085.0	-1	5
51085.0	51087.4	1	5
51087.4	51089.8	-1	5
51089.8	51094.6	1	5
51094.6	51099.4	-1	5
51099.4	51104.2	1	5
51104.2	51109.0	-1	5
51109.0	51111.4	1	5
51111.4	51116.2	-1	5
51116.2	51123.4	1	5
51123.4	51125.8	-1	5
51125.8	51130.6	1	5
51130.6	51133.0	-1	5
51133.0	51135.4	1	5
51135.4	51140.2	-1	5
51140.2	51145.0	1	5
51145.0	51149.8	-1	5
51149.8	51152.2	1	5
51152.2	51157.0	-1	5
51157.0	51161.8	1	5
51161.8	51166.6	-1	5
51166.6	51169.0	1	5
51169.0	51173.8	-1	5
51173.8	51176.2	1	5
51176.2	51181.0	-1	5
51181.0	51188.2	1	5
51188.2	51195.4	-1	5
51195.4	51202.6	1	5
51202.6	51205.0	-1	5
51205.0	51207.4	1	5
51207.4	51209.8	-1	5
51209.8	51212.2	1	5
51212.2	51214.6	-1	5
51214.6	51217.0	1	5
51217.0	51219.4	-1	5
51343	52473.4	2	5
52473.4	52497	1	0
52485	52497	2	5
52573	52577.8	1	5
52577.8	52582.6	-1	5
52582.6	52585.0	1	5
52585.0	52587.4	-1	5
52587.4	52589.8	1	5
52589.8	52599.4	-1	5
52599.4	52601.8	1	5
52601.8	52604.2	-1	5
52604.2	52609.0	1	5
52609.0	52611.4	-1	5
52611.4	52623.4	1	5
52623.4	52625.8	-1	5
52625.8	52628.2	1	5
52628.2	52635.4	-1	5
52635.4	52637.8	1	5
52637.8	52640.2	-1	5
52640.2	52649.8	1	5
52649.8	52652.2	-1	5
52652.2	52659.4	1	5
52659.4	52661.8	-1	5
52661.8	52664.2	1	5
52664.2	52678.6	-1	5
52678.6	52683.4	1	5
52683.4	52685.8	-1	5
52685.8	52690.6	1	5
52690.6	52700.2	-1	5
52700.2	52705.0	1	5
52705.0	52707.4	-1	5
52707.4	52709.8	1	5
52709.8	52712.2	-1	5
52712.2	52714.6	1	5
52714.6	52719.4	-1	5
52843	53973.4	2	5
53985	53997	2	5
54073	54080.2	-1	5
54080.2	54082.6	1	5
54082.6	54085	-1	5
54085	54089.8	1	5
54089.8	54092.2	-1	5
54092.2	54097.0	1	5
54097.0	54104.2	-1	5
54104.2	54109.0	1	5
54109.0	54113.8	-1	5
54113.8	54116.2	1	5
54116.2	54118.6	-1	5
54118.6	54121.0	1	5
54121.0	54128.2	-1	5
54128.2	54133.0	1	5
54133.0	54137.8	-1	5
54137.8	54147.4	1	5
54147.4	54159.4	-1	5
54159.4	54164.2	1	5
54164.2	54173.8	-1	5
54173.8	54176.2	1	5
54176.2	54188.2	-1	5
54188.2	54190.6	1	5
54190.6	54193.0	-1	5
54193.0	54195.4	1	5
54195.4	54200.2	-1	5
54200.2	54202.6	1	5
54202.6	54205.0	-1	5
54205.0	54207.4	1	5
54207.4	54209.8	-1	5
54209.8	54212.2	1	5
54212.2	54214.6	-1	5
54214.6	54217.0	1	5
54217.0	54219.4	-1	5
54343	55473.4	2	5
55473.4	55497	1	0
55485	55497	2	5
55573	55575.4	1	5
55575.4	55577.8	-1	5
55577.8	55589.8	1	5
55589.8	55592.2	-1	5
55592.2	55594.6	1	5
55594.6	55599.4	-1	5
55599.4	55604.2	1	5
55604.2	55606.6	-1	5
55606.6	55609.0	1	5
55609.0	55611.4	-1	5
55611.4	55613.8	1	5
55613.8	55618.6	-1	5
55618.6	55628.2	1	5
55628.2	55637.8	-1	5
55637.8	55649.8	1	5
55649.8	55654.6	-1	5
55654.6	55657.0	1	5
55657.0	55659.4	-1	5
55659.4	55664.2	1	5
55664.2	55671.4	-1	5
55671.4	55673.8	1	5
55673.8	55676.2	-1	5
55676.2	55685.8	1	5
55685.8	55693.0	-1	5
55693.0	55695.4	1	5
55695.4	55700.2	-1	5
55700.2	55702.6	1	5
55702.6	55705.0	-1	5
55705.0	55707.4	1	5
55707.4	55712.2	-1	5
55712.2	55714.6	1	5
55714.6	55717.0	-1	5
55717.0	55719.4	1	5
55843	56973.4	2	5
56985	56997	2	5
57073	57075.4	-1	5
57075.4	57080.2	1	5
57080.2	57082.6	-1	5
57082.6	57085.0	1	5
57085.0	57092.2	-1	5
57092.2	57094.6	1	5
57094.6	57097.0	-1	5
57097.0	57099.4	1	5
57099.4	57101.8	-1	5
57101.8	57106.6	1	5
57106.6	57111.4	-1	5
57111.4	57116.2	1	5
57116.2	57123.4	-1	5
57123.4	57135.4	1	5
57135.4	57140.2	-1	5
57140.2	57142.6	1	5
57142.6	57149.8	-1	5
57149.8	57152.2	1	5
57152.2	57154.6	-1	5
57154.6	57159.4	1	5
57159.4	57161.8	-1	5
57161.8	57164.2	1	5
57164.2	57166.6	-1	5
57166.6	57169.0	1	5
57169.0	57176.2	-1	5
57176.2	57183.4	1	5
57183.4	57193.0	-1	5
57193.0	57200.2	1	5
57200.2	57205.0	-1	5
57205.0	57212.2	1	5
57212.2	57214.6	-1	5
57214.6	57217.0	1	5
57217.0	57219.4	-1	5
57343	58473.4	2	5
58473.4	58497	1	0
58485	58497	2	5
58573	58580.2	1	5
58580.2	58585	-1	5
58585	58592.2	1	5
58592.2	58594.6	-1	5
58594.6	58599.4	1	5
58599.4	58606.6	-1	5
58606.6	58609	1	5
58609	58611.4	-1	5
58611.4	58613.8	1	5
58613.8	58623.4	-1	5
58623.4	58625.8	1	5
58625.8	58628.2	-1	5
58628.2	58633.0	1	5
58633.0	58637.8	-1	5
58637.8	58640.2	1	5
58640.2	58642.6	-1	5
58642.6	58647.4	1	5
58647.4	58649.8	-1	5
58649.8	58666.6	1	5
58666.6	58673.8	-1	5
58673.8	58676.2	1	5
58676.2	58683.4	-1	5
58683.4	58685.8	1	5
58685.8	58693.0	-1	5
58693.0	58695.4	1	5
58695.4	58697.8	-1	5
58697.8	58700.2	1	5
58700.2	58702.6	-1	5
58702.6	58705.0	1	5
58705.0	58707.4	-1	5
58707.4	58714.6	1	5
58714.6	58717.0	-1	5
58717.0	58719.4	1	5
58843	59973.4	2	5
59985	59997	2	5
60073	60077.8	-1	5
60077.8	60080.2	1	5
60080.2	60087.4	-1	5
60087.4	60092.2	1	5
60092.2	60099.4	-1	5
60099.4	60104.2	1	5
60104.2	60106.6	-1	5
60106.6	60109.0	1	5
60109.0	60113.8	-1	5
60113.8	60121.0	1	5
60121.0	60123.4	-1	5
60123.4	60128.2	1	5
60128.2	60133.0	-1	5
60133.0	60140.2	1	5
60140.2	60145.0	-1	5
60145.0	60149.8	1	5
60149.8	60154.6	-1	5
60154.6	60161.8	1	5
60161.8	60176.2	-1	5
60176.2	60178.6	1	5
60178.6	60181.0	-1	5
60181.0	60183.4	1	5
60183.4	60193.0	-1	5
60193.0	60195.4	1	5
60195.4	60200.2	-1	5
60200.2	60212.2	1	5
60212.2	60217.0	-1	5
60217.0	60219.4	1	5
60343	61473.4	2	5
61473.4	61497	1	0
61485	61497	2	5
61573	61575.4	1	5
61575.4	61580.2	-1	5
61580.2	61585.0	1	5
61585.0	61589.8	-1	5
61589.8	61606.6	1	5
61606.6	61609.0	-1	5
61609.0	61611.4	1	5
61611.4	61613.8	-1	5
61613.8	61616.2	1	5
61616.2	61623.4	-1	5
61623.4	61630.6	1	5
61630.6	61633.0	-1	5
61633.0	61635.4	1	5
61635.4	61640.2	-1	5
61640.2	61645.0	1	5
61645.0	61652.2	-1	5
61652.2	61659.4	1	5
61659.4	61671.4	-1	5
61671.4	61673.8	1	5
61673.8	61676.2	-1	5
61676.2	61681.0	1	5
61681.0	61693.0	-1	5
61693.0	61695.4	1	5
61695.4	61700.2	-1	5
61700.2	61709.8	1	5
61709.8	61714.6	-1	5
61714.6	61719.4	1	5
61843	62973.4	2	5
62985	62997	2	5
63073	63077.8	1	5
63077.8	63085	-1	5
63085	63092.2	1	5
63092.2	63094.6	-1	5
63094.6	63097	1	5
63097	63099.4	-1	5
63099.4	63101.8	1	5
63101.8	63104.2	-1	5
63104.2	63109.0	1	5
63109.0	63111.4	-1	5
63111.4	63116.2	1	5
63116.2	63123.4	-1	5
63123.4	63125.8	1	5
63125.8	63133.0	-1	5
63133.0	63135.4	1	5
63135.4	63137.8	-1	5
63137.8	63140.2	1	5
63140.2	63142.6	-1	5
63142.6	63149.8	1	5
63149.8	63154.6	-1	5
63154.6	63157.0	1	5
63157.0	63161.8	-1	5
63161.8	63164.2	1	5
63164.2	63166.6	-1	5
63166.6	63171.4	1	5
63171.4	63173.8	-1	5
63173.8	63176.2	1	5
63176.2	63181.0	-1	5
63181.0	63195.4	1	5
63195.4	63202.6	-1	5
63202.6	63219.4	1	5
63343	64473.4	2	5
64473.4	64497	1	0
64485	64497	2	5
64573	64575.4	-1	5
64575.4	64582.6	1	5
64582.6	64589.8	-1	5
64589.8	64592.2	1	5
64592.2	64601.8	-1	5
64601.8	64604.2	1	5
64604.2	64606.6	-1	5
64606.6	64611.4	1	5
64611.4	64618.6	-1	5
64618.6	64621	1	5
64621	64623.4	-1	5
64623.4	64635.4	1	5
64635.4	64637.8	-1	5
64637.8	64640.2	1	5
64640.2	64642.6	-1	5
64642.6	64645.0	1	5
64645.0	64647.4	-1	5
64647.4	64649.8	1	5
64649.8	64657.0	-1	5
64657.0	64659.4	1	5
64659.4	64664.2	-1	5
64664.2	64669.0	1	5
64669.0	64671.4	-1	5
64671.4	64681.0	1	5
64681.0	64685.8	-1	5
64685.8	64688.2	1	5
64688.2	64690.6	-1	5
64690.6	64695.4	1	5
64695.4	64697.8	-1	5
64697.8	64705.0	1	5
64705.0	64709.8	-1	5
64709.8	64717.0	1	5
64717.0	64719.4	-1	5
64843	65973.4	2	5
65985	65997	2	5
66073	66075.4	-1	5
66075.4	66080.2	1	5
66080.2	66082.6	-1	5
66082.6	66087.4	1	5
66087.4	66089.8	-1	5
66089.8	66101.8	1	5
66101.8	66104.2	-1	5
66104.2	66106.6	1	5
66106.6	66111.4	-1	5
66111.4	66121.0	1	5
66121.0	66125.8	-1	5
66125.8	66128.2	1	5
66128.2	66135.4	-1	5
66135.4	66142.6	1	5
66142.6	66149.8	-1	5
66149.8	66154.6	1	5
66154.6	66159.4	-1	5
66159.4	66164.2	1	5
66164.2	66169.0	-1	5
66169.0	66173.8	1	5
66173.8	66183.4	-1	5
66183.4	66193	1	5
66193	66195.4	-1	5
66195.4	66200.2	1	5
66200.2	66202.6	-1	5
66202.6	66209.8	1	5
66209.8	66217.0	-1	5
66217.0	66219.4	1	5
66343	67473.4	2	5
67473.4	67497	1	0
67485	67497	2	5
67573	67575.4	1	5
67575.4	67592.2	-1	5
67592.2	67599.4	1	5
67599.4	67601.8	-1	5
67601.8	67604.2	1	5
67604.2	67606.6	-1	5
67606.6	67609.0	1	5
67609.0	67611.4	-1	5
67611.4	67616.2	1	5
67616.2	67621.0	-1	5
67621.0	67623.4	1	5
67623.4	67625.8	-1	5
67625.8	67628.2	1	5
67628.2	67630.6	-1	5
67630.6	67635.4	1	5
67635.4	67640.2	-1	5
67640.2	67642.6	1	5
67642.6	67647.4	-1	5
67647.4	67659.4	1	5
67659.4	67661.8	-1	5
67661.8	67671.4	1	5
67671.4	67683.4	-1	5
67683.4	67685.8	1	5
67685.8	67688.2	-1	5
67688.2	67690.6	1	5
67690.6	67693.0	-1	5
67693.0	67695.4	1	5
67695.4	67707.4	-1	5
67707.4	67712.2	1	5
67712.2	67719.4	-1	5
67843	68973.4	2	5
68985	68997	2	5
69073	69080.2	1	5
69080.2	69085	-1	5
69085	69087.4	1	5
69087.4	69089.8	-1	5
69089.8	69097.0	1	5
69097.0	69099.4	-1	5
69099.4	69101.8	1	5
69101.8	69104.2	-1	5
69104.2	69111.4	1	5
69111.4	69113.8	-1	5
69113.8	69123.4	1	5
69123.4	69130.6	-1	5
69130.6	69133.0	1	5
69133.0	69135.4	-1	5
69135.4	69142.6	1	5
69142.6	69145.0	-1	5
69145.0	69149.8	1	5
69149.8	69152.2	-1	5
69152.2	69157.0	1	5
69157.0	69159.4	-1	5
69159.4	69161.8	1	5
69161.8	69166.6	-1	5
69166.6	69171.4	1	5
69171.4	69173.8	-1	5
69173.8	69176.2	1	5
69176.2	69181.0	-1	5
69181.0	69188.2	1	5
69188.2	69202.6	-1	5
69202.6	69205.0	1	5
69205.0	69207.4	-1	5
69207.4	69209.8	1	5
69209.8	69212.2	-1	5
69212.2	69219.4	1	5
69343	70473.4	2	5
70473.4	70497	1	0
70485	70497	2	5
70573	70587.4	1	5
70587.4	70589.8	-1	5
70589.8	70599.4	1	5
70599.4	70601.8	-1	5
70601.8	70606.6	1	5
70606.6	70609.0	-1	5
70609.0	70611.4	1	5
70611.4	70623.4	-1	5
70623.4	70628.2	1	5
70628.2	70635.4	-1	5
70635.4	70649.8	1	5
70649.8	70654.6	-1	5
70654.6	70657.0	1	5
70657.0	70659.4	-1	5
70659.4	70661.8	1	5
70661.8	70664.2	-1	5
70664.2	70666.6	1	5
70666.6	70673.8	-1	5
70673.8	70676.2	1	5
70676.2	70695.4	-1	5
70695.4	70700.2	1	5
70700.2	70702.6	-1	5
70702.6	70709.8	1	5
70709.8	70712.2	-1	5
70712.2	70719.4	1	5
70843	71973.4	2	5
71985	71997	2	5
72073	72077.8	-1	5
72077.8	72080.2	1	5
72080.2	72082.6	-1	5
72082.6	72085.0	1	5
72085.0	72087.4	-1	5
72087.4	72094.6	1	5
72094.6	72097.0	-1	5
72097.0	72099.4	1	5
72099.4	72109.0	-1	5
72109.0	72111.4	1	5
72111.4	72116.2	-1	5
72116.2	72121.0	1	5
72121.0	72123.4	-1	5
72123.4	72125.8	1	5
72125.8	72130.6	-1	5
72130.6	72133.0	1	5
72133.0	72140.2	-1	5
72140.2	72142.6	1	5
72142.6	72147.4	-1	5
72147.4	72154.6	1	5
72154.6	72157.0	-1	5
72157.0	72161.8	1	5
72161.8	72164.2	-1	5
72164.2	72171.4	1	5
72171.4	72185.8	-1	5
72185.8	72197.8	1	5
72197.8	72202.6	-1	5
72202.6	72207.4	1	5
72207.4	72214.6	-1	5
72214.6	72219.4	1	5
72343	73473.4	2	5
73473.4	73497	1	0
73485	73497	2	5
73573	73575.4	1	5
73575.4	73582.6	-1	5
73582.6	73585.0	1	5
73585.0	73592.2	-1	5
73592.2	73594.6	1	5
73594.6	73597.0	-1	5
73597.0	73604.2	1	5
73604.2	73609.0	-1	5
73609.0	73611.4	1	5
73611.4	73613.8	-1	5
73613.8	73616.2	1	5
73616.2	73618.6	-1	5
73618.6	73625.8	1	5
73625.8	73628.2	-1	5
73628.2	73630.6	1	5
73630.6	73633.0	-1	5
73633.0	73635.4	1	5
73635.4	73637.8	-1	5
73637.8	73640.2	1	5
73640.2	73642.6	-1	5
73642.6	73649.8	1	5
73649.8	73657.0	-1	5
73657.0	73661.8	1	5
73661.8	73664.2	-1	5
73664.2	73669.0	1	5
73669.0	73681.0	-1	5
73681.0	73688.2	1	5
73688.2	73693.0	-1	5
73693.0	73695.4	1	5
73695.4	73700.2	-1	5
73700.2	73702.6	1	5
73702.6	73714.6	-1	5
73714.6	73717.0	1	5
73717.0	73719.4	-1	5
73843	74973.4	2	5
74985	74997	2	5
75073	75075.4	-1	5
75075.4	75082.6	1	5
75082.6	75089.8	-1	5
75089.8	75092.2	1	5
75092.2	75094.6	-1	5
75094.6	75099.4	1	5
75099.4	75101.8	-1	5
75101.8	75106.6	1	5
75106.6	75109.0	-1	5
75109.0	75113.8	1	5
75113.8	75121.0	-1	5
75121.0	75125.8	1	5
75125.8	75133.0	-1	5
75133.0	75137.8	1	5
75137.8	75142.6	-1	5
75142.6	75161.8	1	5
75161.8	75171.4	-1	5
75171.4	75178.6	1	5
75178.6	75183.4	-1	5
75183.4	75185.8	1	5
75185.8	75188.2	-1	5
75188.2	75190.6	1	5
75190.6	75195.4	-1	5
75195.4	75202.6	1	5
75202.6	75205.0	-1	5
75205.0	75209.8	1	5
75209.8	75212.2	-1	5
75212.2	75214.6	1	5
75214.6	75219.4	-1	5
75343	76473.4	2	5
76473.4	76497	1	0
76485	76497	2	5
76573	76580.2	1	5
76580.2	76585	-1	5
76585	76592.2	1	5
76592.2	76594.6	-1	5
76594.6	76597.0	1	5
76597.0	76599.4	-1	5
76599.4	76601.8	1	5
76601.8	76606.6	-1	5
76606.6	76609.0	1	5
76609.0	76616.2	-1	5
76616.2	76618.6	1	5
76618.6	76623.4	-1	5
76623.4	76625.8	1	5
76625.8	76628.2	-1	5
76628.2	76630.6	1	5
76630.6	76633.0	-1	5
76633.0	76635.4	1	5
76635.4	76640.2	-1	5
76640.2	76647.4	1	5
76647.4	76652.2	-1	5
76652.2	76654.6	1	5
76654.6	76664.2	-1	5
76664.2	76669.0	1	5
76669.0	76671.4	-1	5
76671.4	76678.6	1	5
76678.6	76685.8	-1	5
76685.8	76688.2	1	5
76688.2	76690.6	-1	5
76690.6	76693.0	1	5
76693.0	76705.0	-1	5
76705.0	76707.4	1	5
76707.4	76709.8	-1	5
76709.8	76719.4	1	5
76843	77973.4	2	5
77985	77997	2	5
78073	78075.4	1	5
78075.4	78077.8	-1	5
78077.8	78080.2	1	5
78080.2	78082.6	-1	5
78082.6	78085.0	1	5
78085.0	78087.4	-1	5
78087.4	78089.8	1	5
78089.8	78092.2	-1	5
78092.2	78097.0	1	5
78097.0	78104.2	-1	5
78104.2	78109.0	1	5
78109.0	78116.2	-1	5
78116.2	78118.6	1	5
78118.6	78125.8	-1	5
78125.8	78128.2	1	5
78128.2	78130.6	-1	5
78130.6	78135.4	1	5
78135.4	78137.8	-1	5
78137.8	78142.6	1	5
78142.6	78145.0	-1	5
78145.0	78147.4	1	5
78147.4	78159.4	-1	5
78159.4	78161.8	1	5
78161.8	78166.6	-1	5
78166.6	78169.0	1	5
78169.0	78171.4	-1	5
78171.4	78176.2	1	5
78176.2	78181.0	-1	5
78181.0	78183.4	1	5
78183.4	78185.8	-1	5
78185.8	78188.2	1	5
78188.2	78190.6	-1	5
78190.6	78193.0	1	5
78193.0	78200.2	-1	5
78200.2	78205.0	1	5
78205.0	78207.4	-1	5
78207.4	78209.8	1	5
78209.8	78219.4	-1	5
78343	79473.4	2	5
79473.4	79497	1	0
79485	79497	2	5
79573	79575.4	-1	5
79575.4	79577.8	1	5
79577.8	79580.2	-1	5
79580.2	79585.0	1	5
79585.0	79589.8	-1	5
79589.8	79594.6	1	5
79594.6	79597.0	-1	5
79597.0	79599.4	1	5
79599.4	79611.4	-1	5
79611.4	79613.8	1	5
79613.8	79621.0	-1	5
79621.0	79623.4	1	5
79623.4	79625.8	-1	5
79625.8	79628.2	1	5
79628.2	79630.6	-1	5
79630.6	79633.0	1	5
79633.0	79635.4	-1	5
79635.4	79637.8	1	5
79637.8	79640.2	-1	5
79640.2	79642.6	1	5
79642.6	79652.2	-1	5
79652.2	79664.2	1	5
79664.2	79676.2	-1	5
79676.2	79681.0	1	5
79681.0	79683.4	-1	5
79683.4	79695.4	1	5
79695.4	79702.6	-1	5
79702.6	79712.2	1	5
79712.2	79714.6	-1	5
79714.6	79719.4	1	5
79843	80973.4	2	5
80985	80997	2	5
81073	81077.8	1	5
81077.8	81080.2	-1	5
81080.2	81087.4	1	5
81087.4	81089.8	-1	5
81089.8	81094.6	1	5
81094.6	81097.0	-1	5
81097.0	81101.8	1	5
81101.8	81104.2	-1	5
81104.2	81109.0	1	5
81109.0	81111.4	-1	5
81111.4	81121.0	1	5
81121.0	81123.4	-1	5
81123.4	81130.6	1	5
81130.6	81133.0	-1	5
81133.0	81135.4	1	5
81135.4	81142.6	-1	5
81142.6	81149.8	1	5
81149.8	81152.2	-1	5
81152.2	81154.6	1	5
81154.6	81157.0	-1	5
81157.0	81161.8	1	5
81161.8	81164.2	-1	5
81164.2	81169.0	1	5
81169.0	81178.6	-1	5
81178.6	81183.4	1	5
81183.4	81190.6	-1	5
81190.6	81193.0	1	5
81193.0	81197.8	-1	5
81197.8	81200.2	1	5
81200.2	81212.2	-1	5
81212.2	81219.4	1	5
81343	82473.4	2	5
82473.4	82497	1	0
82485	82497	2	5
82573	82582.6	-1	5
82582.6	82585	1	5
82585	82589.8	-1	5
82589.8	82597	1	5
82597	82599.4	-1	5
82599.4	82601.8	1	5
82601.8	82611.4	-1	5
82611.4	82613.8	1	5
82613.8	82616.2	-1	5
82616.2	82618.6	1	5
82618.6	82625.8	-1	5
82625.8	82628.2	1	5
82628.2	82635.4	-1	5
82635.4	82640.2	1	5
82640.2	82642.6	-1	5
82642.6	82645.0	1	5
82645.0	82649.8	-1	5
82649.8	82652.2	1	5
82652.2	82664.2	-1	5
82664.2	82666.6	1	5
82666.6	82669.0	-1	5
82669.0	82671.4	1	5
82671.4	82673.8	-1	5
82673.8	82676.2	1	5
82676.2	82681.0	-1	5
82681.0	82685.8	1	5
82685.8	82688.2	-1	5
82688.2	82690.6	1	5
82690.6	82697.8	-1	5
82697.8	82700.2	1	5
82700.2	82707.4	-1	5
82707.4	82714.6	1	5
82714.6	82717.0	-1	5
82717.0	82719.4	1	5
82843	83973.4	2	5
83985	83997	2	5
84073	84077.8	-1	5
84077.8	84089.8	1	5
84089.8	84101.8	-1	5
84101.8	84113.8	1	5
84113.8	84118.6	-1	5
84118.6	84121	1	5
84121	84130.6	-1	5
84130.6	84133	1	5
84133	84140.2	-1	5
84140.2	84142.6	1	5
84142.6	84145.0	-1	5
84145.0	84147.4	1	5
84147.4	84149.8	-1	5
84149.8	84157.0	1	5
84157.0	84166.6	-1	5
84166.6	84176.2	1	5
84176.2	84185.8	-1	5
84185.8	84197.8	1	5
84197.8	84200.2	-1	5
84200.2	84209.8	1	5
84209.8	84214.6	-1	5
84214.6	84217.0	1	5
84217.0	84219.4	-1	5
84343	85473.4	2	5
85473.4	85497	1	0
85485	85497	2	5
85573	85580.2	1	5
85580.2	85582.6	-1	5
85582.6	85585.0	1	5
85585.0	85589.8	-1	5
85589.8	85594.6	1	5
85594.6	85597.0	-1	5
85597.0	85604.2	1	5
85604.2	85606.6	-1	5
85606.6	85613.8	1	5
85613.8	85621.0	-1	5
85621.0	85625.8	1	5
85625.8	85630.6	-1	5
85630.6	85637.8	1	5
85637.8	85640.2	-1	5
85640.2	85642.6	1	5
85642.6	85645.0	-1	5
85645.0	85659.4	1	5
85659.4	85666.6	-1	5
85666.6	85669.0	1	5
85669.0	85673.8	-1	5
85673.8	85681.0	1	5
85681.0	85683.4	-1	5
85683.4	85688.2	1	5
85688.2	85695.4	-1	5
85695.4	85700.2	1	5
85700.2	85702.6	-1	5
85702.6	85714.6	1	5
85714.6	85719.4	-1	5
85843	86973.4	2	5
86985	86997	2	5
87073	87075.4	1	5
87075.4	87080.2	-1	5
87080.2	87082.6	1	5
87082.6	87087.4	-1	5
87087.4	87089.8	1	5
87089.8	87092.2	-1	5
87092.2	87106.6	1	5
87106.6	87116.2	-1	5
87116.2	87118.6	1	5
87118.6	87121.0	-1	5
87121.0	87125.8	1	5
87125.8	87130.6	-1	5
87130.6	87137.8	1	5
87137.8	87145.0	-1	5
87145.0	87147.4	1	5
87147.4	87149.8	-1	5
87149.8	87152.2	1	5
87152.2	87154.6	-1	5
87154.6	87164.2	1	5
87164.2	87169.0	-1	5
87169.0	87171.4	1	5
87171.4	87173.8	-1	5
87173.8	87178.6	1	5
87178.6	87181.0	-1	5
87181.0	87183.4	1	5
87183.4	87188.2	-1	5
87188.2	87195.4	1	5
87195.4	87205.0	-1	5
87205.0	87207.4	1	5
87207.4	87209.8	-1	5
87209.8	87212.2	1	5
87212.2	87217.0	-1	5
87217.0	87219.4	1	5
87343	88473.4	2	5
88473.4	88497	1	0
88485	88497	2	5
88573	88580.2	1	5
88580.2	88585	-1	5
88585	88589.8	1	5
88589.8	88594.6	-1	5
88594.6	88599.4	1	5
88599.4	88609.0	-1	5
88609.0	88613.8	1	5
88613.8	88625.8	-1	5
88625.8	88628.2	1	5
88628.2	88630.6	-1	5
88630.6	88633	1	5
88633	88635.4	-1	5
88635.4	88642.6	1	5
88642.6	88647.4	-1	5
88647.4	88652.2	1	5
88652.2	88654.6	-1	5
88654.6	88657.0	1	5
88657.0	88659.4	-1	5
88659.4	88661.8	1	5
88661.8	88666.6	-1	5
88666.6	88669.0	1	5
88669.0	88673.8	-1	5
88673.8	88678.6	1	5
88678.6	88681.0	-1	5
88681.0	88688.2	1	5
88688.2	88690.6	-1	5
88690.6	88693.0	1	5
88693.0	88695.4	-1	5
88695.4	88702.6	1	5
88702.6	88705.0	-1	5
88705.0	88707.4	1	5
88707.4	88709.8	-1	5
88709.8	88712.2	1	5
88712.2	88714.6	-1	5
88714.6	88719.4	1	5
88843	89973.4	2	5
89985	89997	2	5
90073	90075.4	1	5
90075.4	90080.2	-1	5
90080.2	90085	1	5
90085	90087.4	-1	5
90087.4	90092.2	1	5
90092.2	90099.4	-1	5
90099.4	90109	1	5
90109	90111.4	-1	5
90111.4	90123.4	1	5
90123.4	90125.8	-1	5
90125.8	90128.2	1	5
90128.2	90130.6	-1	5
90130.6	90133.0	1	5
90133.0	90157.0	-1	5
90157.0	90159.4	1	5
90159.4	90164.2	-1	5
90164.2	90166.6	1	5
90166.6	90169.0	-1	5
90169.0	90171.4	1	5
90171.4	90173.8	-1	5
90173.8	90178.6	1	5
90178.6	90181.0	-1	5
90181.0	90183.4	1	5
90183.4	90185.8	-1	5
90185.8	90188.2	1	5
90188.2	90190.6	-1	5
90190.6	90200.2	1	5
90200.2	90202.6	-1	5
90202.6	90207.4	1	5
90207.4	90209.8	-1	5
90209.8	90214.6	1	5
90214.6	90219.4	-1	5
90343	91473.4	2	5
91473.4	91497	1	0
91485	91497	2	5
91573	91575.4	1	5
91575.4	91577.8	-1	5
91577.8	91580.2	1	5
91580.2	91585.0	-1	5
91585.0	91599.4	1	5
91599.4	91601.8	-1	5
91601.8	91606.6	1	5
91606.6	91609.0	-1	5
91609.0	91613.8	1	5
91613.8	91623.4	-1	5
91623.4	91633.0	1	5
91633.0	91635.4	-1	5
91635.4	91640.2	1	5
91640.2	91645.0	-1	5
91645.0	91661.8	1	5
91661.8	91664.2	-1	5
91664.2	91666.6	1	5
91666.6	91683.4	-1	5
91683.4	91688.2	1	5
91688.2	91693.0	-1	5
91693.0	91695.4	1	5
91695.4	91697.8	-1	5
91697.8	91702.6	1	5
91702.6	91709.8	-1	5
91709.8	91712.2	1	5
91712.2	91719.4	-1	5
91843	92973.4	2	5
92985	92997	2	5
93073	93077.8	-1	5
93077.8	93085	1	5
93085	93087.4	-1	5
93087.4	93097	1	5
93097	93099.4	-1	5
93099.4	93101.8	1	5
93101.8	93104.2	-1	5
93104.2	93118.6	1	5
93118.6	93121.0	-1	5
93121.0	93128.2	1	5
93128.2	93130.6	-1	5
93130.6	93135.4	1	5
93135.4	93140.2	-1	5
93140.2	93142.6	1	5
93142.6	93147.4	-1	5
93147.4	93149.8	1	5
93149.8	93157.0	-1	5
93157.0	93159.4	1	5
93159.4	93164.2	-1	5
93164.2	93183.4	1	5
93183.4	93185.8	-1	5
93185.8	93188.2	1	5
93188.2	93200.2	-1	5
93200.2	93202.6	1	5
93202.6	93205.0	-1	5
93205.0	93207.4	1	5
93207.4	93212.2	-1	5
93212.2	93214.6	1	5
93214.6	93219.4	-1	5
93343	94473.4	2	5
94473.4	94497	1	0
94485	94497	2	5
94573	94577.8	1	5
94577.8	94580.2	-1	5
94580.2	94582.6	1	5
94582.6	94592.2	-1	5
94592.2	94599.4	1	5
94599.4	94604.2	-1	5
94604.2	94606.6	1	5
94606.6	94609.0	-1	5
94609.0	94613.8	1	5
94613.8	94616.2	-1	5
94616.2	94621.0	1	5
94621.0	94625.8	-1	5
94625.8	94628.2	1	5
94628.2	94630.6	-1	5
94630.6	94633.0	1	5
94633.0	94647.4	-1	5
94647.4	94652.2	1	5
94652.2	94657.0	-1	5
94657.0	94661.8	1	5
94661.8	94664.2	-1	5
94664.2	94666.6	1	5
94666.6	94669.0	-1	5
94669.0	94671.4	1	5
94671.4	94676.2	-1	5
94676.2	94681.0	1	5
94681.0	94688.2	-1	5
94688.2	94690.6	1	5
94690.6	94693.0	-1	5
94693.0	94695.4	1	5
94695.4	94702.6	-1	5
94702.6	94709.8	1	5
94709.8	94717.0	-1	5
94717.0	94719.4	1	5
94843	95973.4	2	5
95985	95997	2	5
96073	96075.4	1	5
96075.4	96077.8	-1	5
96077.8	96080.2	1	5
96080.2	96082.6	-1	5
96082.6	96085.0	1	5
96085.0	96089.8	-1	5
96089.8	96097.0	1	5
96097.0	96099.4	-1	5
96099.4	96104.2	1	5
96104.2	96109.0	-1	5
96109.0	96111.4	1	5
96111.4	96113.8	-1	5
96113.8	96116.2	1	5
96116.2	96128.2	-1	5
96128.2	96133.0	1	5
96133.0	96135.4	-1	5
96135.4	96145.0	1	5
96145.0	96154.6	-1	5
96154.6	96157.0	1	5
96157.0	96159.4	-1	5
96159.4	96164.2	1	5
96164.2	96166.6	-1	5
96166.6	96173.8	1	5
96173.8	96176.2	-1	5
96176.2	96183.4	1	5
96183.4	96188.2	-1	5
96188.2	96193.0	1	5
96193.0	96195.4	-1	5
96195.4	96200.2	1	5
96200.2	96202.6	-1	5
96202.6	96207.4	1	5
96207.4	96209.8	-1	5
96209.8	96217.0	1	5
96217.0	96219.4	-1	5
96343	97473.4	2	5
97473.4	97497	1	0
97485	97497	2	5
97573	97582.6	1	5
97582.6	97587.4	-1	5
97587.4	97589.8	1	5
97589.8	97597	-1	5
97597	97601.8	1	5
97601.8	97604.2	-1	5
97604.2	97606.6	1	5
97606.6	97616.2	-1	5
97616.2	97623.4	1	5
97623.4	97628.2	-1	5
97628.2	97630.6	1	5
97630.6	97633.0	-1	5
97633.0	97635.4	1	5
97635.4	97642.6	-1	5
97642.6	97647.4	1	5
97647.4	97659.4	-1	5
97659.4	97661.8	1	5
97661.8	97673.8	-1	5
97673.8	97681.0	1	5
97681.0	97685.8	-1	5
97685.8	97700.2	1	5
97700.2	97702.6	-1	5
97702.6	97714.6	1	5
97714.6	97719.4	-1	5
97843	98973.4	2	5
98985	98997	2	5
99073	99077.8	-1	5
99077.8	99080.2	1	5
99080.2	99082.6	-1	5
99082.6	99087.4	1	5
99087.4	99092.2	-1	5
99092.2	99094.6	1	5
99094.6	99099.4	-1	5
99099.4	99101.8	1	5
99101.8	99104.2	-1	5
99104.2	99106.6	1	5
99106.6	99111.4	-1	5
99111.4	99113.8	1	5
99113.8	99116.2	-1	5
99116.2	99118.6	1	5
99118.6	99123.4	-1	5
99123.4	99128.2	1	5
99128.2	99140.2	-1	5
99140.2	99147.4	1	5
99147.4	99161.8	-1	5
99161.8	99171.4	1	5
99171.4	99173.8	-1	5
99173.8	99185.8	1	5
99185.8	99190.6	-1	5
99190.6	99193.0	1	5
99193.0	99195.4	-1	5
99195.4	99212.2	1	5
99212.2	99219.4	-1	5
99343	100473.4	2	5
100473.4	100497	1	0
100485	100497	2	5
100573	100577.8	1	5
100577.8	100582.6	-1	5
100582.6	100585	1	5
100585	100592.2	-1	5
100592.2	100599.4	1	5
100599.4	100601.8	-1	5
100601.8	100604.2	1	5
100604.2	100609.0	-1	5
100609.0	100613.8	1	5
100613.8	100616.2	-1	5
100616.2	100618.6	1	5
100618.6	100635.4	-1	5
100635.4	100637.8	1	5
100637.8	100642.6	-1	5
100642.6	100649.8	1	5
100649.8	100654.6	-1	5
100654.6	100659.4	1	5
100659.4	100661.8	-1	5
100661.8	100664.2	1	5
100664.2	100666.6	-1	5
100666.6	100669.0	1	5
100669.0	100671.4	-1	5
100671.4	100673.8	1	5
100673.8	100676.2	-1	5
100676.2	100681.0	1	5
100681.0	100683.4	-1	5
100683.4	100685.8	1	5
100685.8	100688.2	-1	5
100688.2	100695.4	1	5
100695.4	100697.8	-1	5
100697.8	100702.6	1	5
100702.6	100707.4	-1	5
100707.4	100712.2	1	5
100712.2	100717.0	-1	5
100717.0	100719.4	1	5
100843	101973.4	2	5
101985	101997	2	5
102073	102082.6	-1	5
102082.6	102085	1	5
102085	102087.4	-1	5
102087.4	102089.8	1	5
102089.8	102099.4	-1	5
102099.4	102101.8	1	5
102101.8	102104.2	-1	5
102104.2	102109.0	1	5
102109.0	102121.0	-1	5
102121.0	102128.2	1	5
102128.2	102130.6	-1	5
102130.6	102133.0	1	5
102133.0	102135.4	-1	5
102135.4	102137.8	1	5
102137.8	102140.2	-1	5
102140.2	102142.6	1	5
102142.6	102154.6	-1	5
102154.6	102159.4	1	5
102159.4	102161.8	-1	5
102161.8	102166.6	1	5
102166.6	102169.0	-1	5
102169.0	102171.4	1	5
102171.4	102173.8	-1	5
102173.8	102176.2	1	5
102176.2	102178.6	-1	5
102178.6	102188.2	1	5
102188.2	102190.6	-1	5
102190.6	102193.0	1	5
102193.0	102195.4	-1	5
102195.4	102197.8	1	5
102197.8	102205.0	-1	5
102205.0	102207.4	1	5
102207.4	102209.8	-1	5
102209.8	102219.4	1	5
102343	103473.4	2	5
103473.4	103497	1	0
103485	103497	2	5
103573	103575.4	1	5
103575.4	103585	-1	5
103585	103592.2	1	5
103592.2	103594.6	-1	5
103594.6	103597.0	1	5
103597.0	103599.4	-1	5
103599.4	103606.6	1	5
103606.6	103609.0	-1	5
103609.0	103611.4	1	5
103611.4	103613.8	-1	5
103613.8	103618.6	1	5
103618.6	103623.4	-1	5
103623.4	103625.8	1	5
103625.8	103628.2	-1	5
103628.2	103640.2	1	5
103640.2	103645.0	-1	5
103645.0	103649.8	1	5
103649.8	103657.0	-1	5
103657.0	103659.4	1	5
103659.4	103661.8	-1	5
103661.8	103669.0	1	5
103669.0	103671.4	-1	5
103671.4	103685.8	1	5
103685.8	103693.0	-1	5
103693.0	103697.8	1	5
103697.8	103714.6	-1	5
103714.6	103719.4	1	5
103843	104973.4	2	5
104985	104997	2	5
105073	105075.4	-1	5
105075.4	105080.2	1	5
105080.2	105082.6	-1	5
105082.6	105087.4	1	5
105087.4	105097	-1	5
105097	105099.4	1	5
105099.4	105101.8	-1	5
105101.8	105104.2	1	5
105104.2	105111.4	-1	5
105111.4	105116.2	1	5
105116.2	105121.0	-1	5
105121.0	105123.4	1	5
105123.4	105125.8	-1	5
105125.8	105152.2	1	5
105152.2	105154.6	-1	5
105154.6	105157.0	1	5
105157.0	105164.2	-1	5
105164.2	105193.0	1	5
105193.0	105195.4	-1	5
105195.4	105200.2	1	5
105200.2	105202.6	-1	5
105202.6	105205.0	1	5
105205.0	105212.2	-1	5
105212.2	105219.4	1	5
105343	106473.4	2	5
106473.4	106497	1	0
106485	106497	2	5
106573	106575.4	1	5
106575.4	106577.8	-1	5
106577.8	106580.2	1	5
106580.2	106582.6	-1	5
106582.6	106585.0	1	5
106585.0	106594.6	-1	5
106594.6	106597.0	1	5
106597.0	106606.6	-1	5
106606.6	106611.4	1	5
106611.4	106616.2	-1	5
106616.2	106618.6	1	5
106618.6	106621.0	-1	5
106621.0	106630.6	1	5
106630.6	106633.0	-1	5
106633.0	106640.2	1	5
106640.2	106642.6	-1	5
106642.6	106652.2	1	5
106652.2	106657.0	-1	5
106657.0	106666.6	1	5
106666.6	106669.0	-1	5
106669.0	106673.8	1	5
106673.8	106676.2	-1	5
106676.2	106678.6	1	5
106678.6	106693.0	-1	5
106693.0	106695.4	1	5
106695.4	106700.2	-1	5
106700.2	106702.6	1	5
106702.6	106705.0	-1	5
106705.0	106707.4	1	5
106707.4	106712.2	-1	5
106712.2	106714.6	1	5
106714.6	106717.0	-1	5
106717.0	106719.4	1	5
106843	107973.4	2	5
107985	107997	2	5
108073	108082.6	1	5
108082.6	108087.4	-1	5
108087.4	108089.8	1	5
108089.8	108092.2	-1	5
108092.2	108099.4	1	5
108099.4	108113.8	-1	5
108113.8	108118.6	1	5
108118.6	108125.8	-1	5
108125.8	108128.2	1	5
108128.2	108133.0	-1	5
108133.0	108142.6	1	5
108142.6	108145.0	-1	5
108145.0	108166.6	1	5
108166.6	108173.8	-1	5
108173.8	108183.4	1	5
108183.4	108185.8	-1	5
108185.8	108193.0	1	5
108193.0	108195.4	-1	5
108195.4	108197.8	1	5
108197.8	108200.2	-1	5
108200.2	108207.4	1	5
108207.4	108209.8	-1	5
108209.8	108217.0	1	5
108217.0	108219.4	-1	5
108343	109473.4	2	5
109473.4	109497	1	0
109485	109497	2	5
109573	109577.8	-1	5
109577.8	109582.6	1	5
109582.6	109594.6	-1	5
109594.6	109599.4	1	5
109599.4	109604.2	-1	5
109604.2	109606.6	1	5
109606.6	109609	-1	5
109609	109616.2	1	5
109616.2	109621	-1	5
109621	109625.8	1	5
109625.8	109630.6	-1	5
109630.6	109652.2	1	5
109652.2	109654.6	-1	5
109654.6	109661.8	1	5
109661.8	109664.2	-1	5
109664.2	109666.6	1	5
109666.6	109671.4	-1	5
109671.4	109673.8	1	5
109673.8	109676.2	-1	5
109676.2	109678.6	1	5
109678.6	109683.4	-1	5
109683.4	109690.6	1	5
109690.6	109697.8	-1	5
109697.8	109705.0	1	5
109705.0	109707.4	-1	5
109707.4	109717.0	1	5
109717.0	109719.4	-1	5
109843	110973.4	2	5
110985	110997	2	5
111073	111075.4	1	5
111075.4	111077.8	-1	5
111077.8	111087.4	1	5
111087.4	111089.8	-1	5
111089.8	111092.2	1	5
111092.2	111094.6	-1	5
111094.6	111099.4	1	5
111099.4	111101.8	-1	5
111101.8	111104.2	1	5
111104.2	111118.6	-1	5
111118.6	111121.0	1	5
111121.0	111123.4	-1	5
111123.4	111128.2	1	5
111128.2	111133.0	-1	5
111133.0	111145.0	1	5
111145.0	111147.4	-1	5
111147.4	111149.8	1	5
111149.8	111154.6	-1	5
111154.6	111159.4	1	5
111159.4	111161.8	-1	5
111161.8	111169.0	1	5
111169.0	111173.8	-1	5
111173.8	111178.6	1	5
111178.6	111193.0	-1	5
111193.0	111200.2	1	5
111200.2	111202.6	-1	5
111202.6	111207.4	1	5
111207.4	111212.2	-1	5
111212.2	111219.4	1	5
111343	112473.4	2	5
112473.4	112497	1	0
112485	112497	2	5
112573	112575.4	1	5
112575.4	112577.8	-1	5
112577.8	112587.4	1	5
112587.4	112594.6	-1	5
112594.6	112597.0	1	5
112597.0	112601.8	-1	5
112601.8	112604.2	1	5
112604.2	112618.6	-1	5
112618.6	112623.4	1	5
112623.4	112625.8	-1	5
112625.8	112642.6	1	5
112642.6	112645.0	-1	5
112645.0	112649.8	1	5
112649.8	112652.2	-1	5
112652.2	112654.6	1	5
112654.6	112657.0	-1	5
112657.0	112659.4	1	5
112659.4	112661.8	-1	5
112661.8	112666.6	1	5
112666.6	112669.0	-1	5
112669.0	112673.8	1	5
112673.8	112678.6	-1	5
112678.6	112683.4	1	5
112683.4	112688.2	-1	5
112688.2	112690.6	1	5
112690.6	112702.6	-1	5
112702.6	112705.0	1	5
112705.0	112707.4	-1	5
112707.4	112714.6	1	5
112714.6	112719.4	-1	5
112843	113973.4	2	5
113985	113997	2	5
114073	114075.4	-1	5
114075.4	114082.6	1	5
114082.6	114087.4	-1	5
114087.4	114097	1	5
114097	114099.4	-1	5
114099.4	114106.6	1	5
114106.6	114111.4	-1	5
114111.4	114113.8	1	5
114113.8	114116.2	-1	5
114116.2	114118.6	1	5
114118.6	114125.8	-1	5
114125.8	114130.6	1	5
114130.6	114133.0	-1	5
114133.0	114135.4	1	5
114135.4	114137.8	-1	5
114137.8	114140.2	1	5
114140.2	114142.6	-1	5
114142.6	114147.4	1	5
114147.4	114152.2	-1	5
114152.2	114154.6	1	5
114154.6	114157.0	-1	5
114157.0	114159.4	1	5
114159.4	114161.8	-1	5
114161.8	114164.2	1	5
114164.2	114169.0	-1	5
114169.0	114176.2	1	5
114176.2	114181.0	-1	5
114181.0	114183.4	1	5
114183.4	114185.8	-1	5
114185.8	114188.2	1	5
114188.2	114193.0	-1	5
114193.0	114200.2	1	5
114200.2	114205.0	-1	5
114205.0	114214.6	1	5
114214.6	114219.4	-1	5
114343	115473.4	2	5
115473.4	115497	1	0
115485	115497	2	5
115573	115575.4	-1	5
115575.4	115577.8	1	5
115577.8	115582.6	-1	5
115582.6	115585.0	1	5
115585.0	115587.4	-1	5
115587.4	115592.2	1	5
115592.2	115594.6	-1	5
115594.6	115597.0	1	5
115597.0	115599.4	-1	5
115599.4	115601.8	1	5
115601.8	115604.2	-1	5
115604.2	115611.4	1	5
115611.4	115618.6	-1	5
115618.6	115628.2	1	5
115628.2	115640.2	-1	5
115640.2	115642.6	1	5
115642.6	115647.4	-1	5
115647.4	115649.8	1	5
115649.8	115652.2	-1	5
115652.2	115659.4	1	5
115659.4	115661.8	-1	5
115661.8	115664.2	1	5
115664.2	115671.4	-1	5
115671.4	115688.2	1	5
115688.2	115697.8	-1	5
115697.8	115702.6	1	5
115702.6	115707.4	-1	5
115707.4	115712.2	1	5
115712.2	115714.6	-1	5
115714.6	115719.4	1	5
115843	116973.4	2	5
116985	116997	2	5
117073	117077.8	-1	5
117077.8	117087.4	1	5
117087.4	117089.8	-1	5
117089.8	117094.6	1	5
117094.6	117097	-1	5
117097	117099.4	1	5
117099.4	117111.4	-1	5
117111.4	117128.2	1	5
117128.2	117137.8	-1	5
117137.8	117140.2	1	5
117140.2	117147.4	-1	5
117147.4	117149.8	1	5
117149.8	117152.2	-1	5
117152.2	117157.0	1	5
117157.0	117161.8	-1	5
117161.8	117169.0	1	5
117169.0	117173.8	-1	5
117173.8	117178.6	1	5
117178.6	117185.8	-1	5
117185.8	117188.2	1	5
117188.2	117190.6	-1	5
117190.6	117195.4	1	5
117195.4	117202.6	-1	5
117202.6	117209.8	1	5
117209.8	117219.4	-1	5
117343	118473.4	2	5
118473.4	118497	1	0
118485	118497	2	5
118573	118575.4	-1	5
118575.4	118580.2	1	5
118580.2	118585	-1	5
118585	118594.6	1	5
118594.6	118604.2	-1	5
118604.2	118609.0	1	5
118609.0	118611.4	-1	5
118611.4	118616.2	1	5
118616.2	118618.6	-1	5
118618.6	118628.2	1	5
118628.2	118633.0	-1	5
118633.0	118657.0	1	5
118657.0	118659.4	-1	5
118659.4	118664.2	1	5
118664.2	118673.8	-1	5
118673.8	118681.0	1	5
118681.0	118683.4	-1	5
118683.4	118695.4	1	5
118695.4	118700.2	-1	5
118700.2	118702.6	1	5
118702.6	118705	-1	5
118705	118707.4	1	5
118707.4	118714.6	-1	5
118714.6	118717.0	1	5
118717.0	118719.4	-1	5
118843	119973.4	2	5
119985	119997	2	5
120073	120085	1	5
120085	120087.4	-1	5
120087.4	120092.2	1	5
120092.2	120097	-1	5
120097	120109	1	5
120109	120113.8	-1	5
120113.8	120116.2	1	5
120116.2	120121	-1	5
120121	120130.6	1	5
120130.6	120147.4	-1	5
120147.4	120149.8	1	5
120149.8	120152.2	-1	5
120152.2	120154.6	1	5
120154.6	120157.0	-1	5
120157.0	120159.4	1	5
120159.4	120161.8	-1	5
120161.8	120164.2	1	5
120164.2	120166.6	-1	5
120166.6	120169.0	1	5
120169.0	120171.4	-1	5
120171.4	120181.0	1	5
120181.0	120190.6	-1	5
120190.6	120193.0	1	5
120193.0	120197.8	-1	5
120197.8	120205.0	1	5
120205.0	120209.8	-1	5
120209.8	120212.2	1	5
120212.2	120217.0	-1	5
120217.0	120219.4	1	5
120343	121473.4	2	5
121473.4	121497	1	0
121485	121497	2	5
121573	121585	1	5
121585	121589.8	-1	5
121589.8	121594.6	1	5
121594.6	121597	-1	5
121597	121604.2	1	5
121604.2	121609	-1	5
121609	121616.2	1	5
121616.2	121623.4	-1	5
121623.4	121625.8	1	5
121625.8	121628.2	-1	5
121628.2	121630.6	1	5
121630.6	121635.4	-1	5
121635.4	121654.6	1	5
121654.6	121661.8	-1	5
121661.8	121683.4	1	5
121683.4	121693.0	-1	5
121693.0	121697.8	1	5
121697.8	121700.2	-1	5
121700.2	121702.6	1	5
121702.6	121712.2	-1	5
121712.2	121717.0	1	5
121717.0	121719.4	-1	5
121843	122973.4	2	5
122985	122997	2	5
123073	123075.4	-1	5
123075.4	123077.8	1	5
123077.8	123082.6	-1	5
123082.6	123087.4	1	5
123087.4	123089.8	-1	5
123089.8	123092.2	1	5
123092.2	123097.0	-1	5
123097.0	123099.4	1	5
123099.4	123101.8	-1	5
123101.8	123104.2	1	5
123104.2	123106.6	-1	5
123106.6	123113.8	1	5
123113.8	123123.4	-1	5
123123.4	123125.8	1	5
123125.8	123128.2	-1	5
123128.2	123133.0	1	5
123133.0	123135.4	-1	5
123135.4	123140.2	1	5
123140.2	123145.0	-1	5
123145.0	123147.4	1	5
123147.4	123149.8	-1	5
123149.8	123152.2	1	5
123152.2	123154.6	-1	5
123154.6	123157.0	1	5
123157.0	123159.4	-1	5
123159.4	123171.4	1	5
123171.4	123173.8	-1	5
123173.8	123178.6	1	5
123178.6	123181.0	-1	5
123181.0	123185.8	1	5
123185.8	123188.2	-1	5
123188.2	123190.6	1	5
123190.6	123193.0	-1	5
123193.0	123195.4	1	5
123195.4	123197.8	-1	5
123197.8	123200.2	1	5
123200.2	123205.0	-1	5
123205.0	123207.4	1	5
123207.4	123214.6	-1	5
123214.6	123219.4	1	5
123343	124473.4	2	5
124473.4	124497	1	0
124485	124497	2	5
124573	124575.4	-1	5
124575.4	124585	1	5
124585	124587.4	-1	5
124587.4	124594.6	1	5
124594.6	124597.0	-1	5
124597.0	124601.8	1	5
124601.8	124606.6	-1	5
124606.6	124611.4	1	5
124611.4	124613.8	-1	5
124613.8	124618.6	1	5
124618.6	124630.6	-1	5
124630.6	124635.4	1	5
124635.4	124640.2	-1	5
124640.2	124647.4	1	5
124647.4	124652.2	-1	5
124652.2	124659.4	1	5
124659.4	124664.2	-1	5
124664.2	124666.6	1	5
124666.6	124673.8	-1	5
124673.8	124676.2	1	5
124676.2	124681.0	-1	5
124681.0	124683.4	1	5
124683.4	124688.2	-1	5
124688.2	124693.0	1	5
124693.0	124695.4	-1	5
124695.4	124697.8	1	5
124697.8	124700.2	-1	5
124700.2	124702.6	1	5
124702.6	124707.4	-1	5
124707.4	124709.8	1	5
124709.8	124712.2	-1	5
124712.2	124714.6	1	5
124714.6	124717.0	-1	5
124717.0	124719.4	1	5
124843	125973.4	2	5
125985	125997	2	5
126073	126080.2	1	5
126080.2	126082.6	-1	5
126082.6	126085.0	1	5
126085.0	126087.4	-1	5
126087.4	126089.8	1	5
126089.8	126092.2	-1	5
126092.2	126094.6	1	5
126094.6	126097.0	-1	5
126097.0	126099.4	1	5
126099.4	126101.8	-1	5
126101.8	126104.2	1	5
126104.2	126106.6	-1	5
126106.6	126109.0	1	5
126109.0	126111.4	-1	5
126111.4	126116.2	1	5
126116.2	126118.6	-1	5
126118.6	126121.0	1	5
126121.0	126128.2	-1	5
126128.2	126133.0	1	5
126133.0	126137.8	-1	5
126137.8	126147.4	1	5
126147.4	126149.8	-1	5
126149.8	126152.2	1	5
126152.2	126166.6	-1	5
126166.6	126171.4	1	5
126171.4	126176.2	-1	5
126176.2	126178.6	1	5
126178.6	126181.0	-1	5
126181.0	126183.4	1	5
126183.4	126200.2	-1	5
126200.2	126207.4	1	5
126207.4	126209.8	-1	5
126209.8	126212.2	1	5
126212.2	126214.6	-1	5
126214.6	126219.4	1	5
126343	127473.4	2	5
127473.4	127497	1	0
127485	127497	2	5
127573	127580.2	1	5
127580.2	127582.6	-1	5
127582.6	127589.8	1	5
127589.8	127592.2	-1	5
127592.2	127594.6	1	5
127594.6	127604.2	-1	5
127604.2	127606.6	1	5
127606.6	127609.0	-1	5
127609.0	127616.2	1	5
127616.2	127618.6	-1	5
127618.6	127623.4	1	5
127623.4	127625.8	-1	5
127625.8	127628.2	1	5
127628.2	127635.4	-1	5
127635.4	127640.2	1	5
127640.2	127642.6	-1	5
127642.6	127657.0	1	5
127657.0	127659.4	-1	5
127659.4	127661.8	1	5
127661.8	127669.0	-1	5
127669.0	127673.8	1	5
127673.8	127681.0	-1	5
127681.0	127688.2	1	5
127688.2	127693.0	-1	5
127693.0	127695.4	1	5
127695.4	127702.6	-1	5
127702.6	127705.0	1	5
127705.0	127707.4	-1	5
127707.4	127712.2	1	5
127712.2	127714.6	-1	5
127714.6	127717.0	1	5
127717.0	127719.4	-1	5
127843	128973.4	2	5
128985	128997	2	5
129073	129077.8	-1	5
129077.8	129080.2	1	5
129080.2	129082.6	-1	5
129082.6	129089.8	1	5
129089.8	129092.2	-1	5
129092.2	129099.4	1	5
129099.4	129101.8	-1	5
129101.8	129104.2	1	5
129104.2	129106.6	-1	5
129106.6	129109.0	1	5
129109.0	129118.6	-1	5
129118.6	129123.4	1	5
129123.4	129130.6	-1	5
129130.6	129133.0	1	5
129133.0	129135.4	-1	5
129135.4	129142.6	1	5
129142.6	129145.0	-1	5
129145.0	129147.4	1	5
129147.4	129154.6	-1	5
129154.6	129159.4	1	5
129159.4	129161.8	-1	5
129161.8	129166.6	1	5
129166.6	129169.0	-1	5
129169.0	129171.4	1	5
129171.4	129173.8	-1	5
129173.8	129178.6	1	5
129178.6	129183.4	-1	5
129183.4	129190.6	1	5
129190.6	129195.4	-1	5
129195.4	129197.8	1	5
129197.8	129200.2	-1	5
129200.2	129209.8	1	5
129209.8	129212.2	-1	5
129212.2	129214.6	1	5
129214.6	129219.4	-1	5
129343	130473.4	2	5
130473.4	130497	1	0
130485	130497	2	5
130573	130575.4	1	5
130575.4	130587.4	-1	5
130587.4	130594.6	1	5
130594.6	130604.2	-1	5
130604.2	130606.6	1	5
130606.6	130609.0	-1	5
130609.0	130611.4	1	5
130611.4	130613.8	-1	5
130613.8	130621.0	1	5
130621.0	130623.4	-1	5
130623.4	130625.8	1	5
130625.8	130628.2	-1	5
130628.2	130630.6	1	5
130630.6	130635.4	-1	5
130635.4	130637.8	1	5
130637.8	130640.2	-1	5
130640.2	130642.6	1	5
130642.6	130649.8	-1	5
130649.8	130652.2	1	5
130652.2	130654.6	-1	5
130654.6	130657.0	1	5
130657.0	130659.4	-1	5
130659.4	130664.2	1	5
130664.2	130671.4	-1	5
130671.4	130673.8	1	5
130673.8	130676.2	-1	5
130676.2	130681.0	1	5
130681.0	130683.4	-1	5
130683.4	130690.6	1	5
130690.6	130693.0	-1	5
130693.0	130697.8	1	5
130697.8	130700.2	-1	5
130700.2	130702.6	1	5
130702.6	130705.0	-1	5
130705.0	130709.8	1	5
130709.8	130719.4	-1	5
130843	131973.4	2	5
131985	131997	2	5
132073	132080.2	1	5
132080.2	132087.4	-1	5
132087.4	132089.8	1	5
132089.8	132099.4	-1	5
132099.4	132111.4	1	5
132111.4	132121.0	-1	5
132121.0	132128.2	1	5
132128.2	132135.4	-1	5
132135.4	132137.8	1	5
132137.8	132145.0	-1	5
132145.0	132152.2	1	5
132152.2	132154.6	-1	5
132154.6	132164.2	1	5
132164.2	132166.6	-1	5
132166.6	132183.4	1	5
132183.4	132185.8	-1	5
132185.8	132195.4	1	5
132195.4	132200.2	-1	5
132200.2	132209.8	1	5
132209.8	132212.2	-1	5
132212.2	132219.4	1	5
132343	133473.4	2	5
133473.4	133497	1	0
133485	133497	2	5
133573	133577.8	-1	5
133577.8	133580.2	1	5
133580.2	133585.0	-1	5
133585.0	133587.4	1	5
133587.4	133589.8	-1	5
133589.8	133594.6	1	5
133594.6	133599.4	-1	5
133599.4	133601.8	1	5
133601.8	133604.2	-1	5
133604.2	133606.6	1	5
133606.6	133613.8	-1	5
133613.8	133616.2	1	5
133616.2	133621.0	-1	5
133621.0	133630.6	1	5
133630.6	133633.0	-1	5
133633.0	133635.4	1	5
133635.4	133637.8	-1	5
133637.8	133642.6	1	5
133642.6	133645.0	-1	5
133645.0	133652.2	1	5
133652.2	133657.0	-1	5
133657.0	133666.6	1	5
133666.6	133671.4	-1	5
133671.4	133676.2	1	5
133676.2	133678.6	-1	5
133678.6	133693.0	1	5
133693.0	133695.4	-1	5
133695.4	133700.2	1	5
133700.2	133709.8	-1	5
133709.8	133719.4	1	5
133843	134973.4	2	5
134985	134997	2	5
135073	135075.4	-1	5
135075.4	135080.2	1	5
135080.2	135097.0	-1	5
135097.0	135101.8	1	5
135101.8	135106.6	-1	5
135106.6	135109.0	1	5
135109.0	135116.2	-1	5
135116.2	135118.6	1	5
135118.6	135121.0	-1	5
135121.0	135125.8	1	5
135125.8	135128.2	-1	5
135128.2	135135.4	1	5
135135.4	135137.8	-1	5
135137.8	135140.2	1	5
135140.2	135142.6	-1	5
135142.6	135145.0	1	5
135145.0	135152.2	-1	5
135152.2	135154.6	1	5
135154.6	135157.0	-1	5
135157.0	135161.8	1	5
135161.8	135164.2	-1	5
135164.2	135169.0	1	5
135169.0	135171.4	-1	5
135171.4	135176.2	1	5
135176.2	135178.6	-1	5
135178.6	135183.4	1	5
135183.4	135193.0	-1	5
135193.0	135195.4	1	5
135195.4	135197.8	-1	5
135197.8	135202.6	1	5
135202.6	135207.4	-1	5
135207.4	135209.8	1	5
135209.8	135212.2	-1	5
135212.2	135214.6	1	5
135214.6	135219.4	-1	5
135343	136473.4	2	5
136473.4	136497	1	0
136485	136497	2	5
136573	136575.4	-1	5
136575.4	136577.8	1	5
136577.8	136580.2	-1	5
136580.2	136585.0	1	5
136585.0	136587.4	-1	5
136587.4	136589.8	1	5
136589.8	136592.2	-1	5
136592.2	136594.6	1	5
136594.6	136599.4	-1	5
136599.4	136609.0	1	5
136609.0	136611.4	-1	5
136611.4	136630.6	1	5
136630.6	136635.4	-1	5
136635.4	136647.4	1	5
136647.4	136649.8	-1	5
136649.8	136652.2	1	5
136652.2	136654.6	-1	5
136654.6	136657.0	1	5
136657.0	136661.8	-1	5
136661.8	136664.2	1	5
136664.2	136666.6	-1	5
136666.6	136671.4	1	5
136671.4	136673.8	-1	5
136673.8	136678.6	1	5
136678.6	136690.6	-1	5
136690.6	136695.4	1	5
136695.4	136697.8	-1	5
136697.8	136705.0	1	5
136705.0	136714.6	-1	5
136714.6	136719.4	1	5
136843	137973.4	2	5
137985	137997	2	5
138073	138075.4	1	5
138075.4	138080.2	-1	5
138080.2	138085.0	1	5
138085.0	138087.4	-1	5
138087.4	138101.8	1	5
138101.8	138109.0	-1	5
138109.0	138111.4	1	5
138111.4	138118.6	-1	5
138118.6	138135.4	1	5
138135.4	138140.2	-1	5
138140.2	138149.8	1	5
138149.8	138154.6	-1	5
138154.6	138157.0	1	5
138157.0	138159.4	-1	5
138159.4	138161.8	1	5
138161.8	138166.6	-1	5
138166.6	138169.0	1	5
138169.0	138173.8	-1	5
138173.8	138181.0	1	5
138181.0	138188.2	-1	5
138188.2	138190.6	1	5
138190.6	138193.0	-1	5
138193.0	138195.4	1	5
138195.4	138202.6	-1	5
138202.6	138209.8	1	5
138209.8	138214.6	-1	5
138214.6	138217.0	1	5
138217.0	138219.4	-1	5
138343	139473.4	2	5
139473.4	139497	1	0
139485	139497	2	5
139573	139580.2	-1	5
139580.2	139587.4	1	5
139587.4	139594.6	-1	5
139594.6	139599.4	1	5
139599.4	139601.8	-1	5
139601.8	139606.6	1	5
139606.6	139611.4	-1	5
139611.4	139613.8	1	5
139613.8	139618.6	-1	5
139618.6	139623.4	1	5
139623.4	139628.2	-1	5
139628.2	139630.6	1	5
139630.6	139633.0	-1	5
139633.0	139637.8	1	5
139637.8	139647.4	-1	5
139647.4	139649.8	1	5
139649.8	139652.2	-1	5
139652.2	139654.6	1	5
139654.6	139661.8	-1	5
139661.8	139671.4	1	5
139671.4	139676.2	-1	5
139676.2	139693.0	1	5
139693.0	139695.4	-1	5
139695.4	139700.2	1	5
139700.2	139709.8	-1	5
139709.8	139712.2	1	5
139712.2	139714.6	-1	5
139714.6	139719.4	1	5
139843	140973.4	2	5
140985	140997	2	5
141073	141080.2	1	5
141080.2	141085	-1	5
141085	141089.8	1	5
141089.8	141099.4	-1	5
141099.4	141101.8	1	5
141101.8	141104.2	-1	5
141104.2	141106.6	1	5
141106.6	141113.8	-1	5
141113.8	141116.2	1	5
141116.2	141128.2	-1	5
141128.2	141133.0	1	5
141133.0	141140.2	-1	5
141140.2	141142.6	1	5
141142.6	141145.0	-1	5
141145.0	141149.8	1	5
141149.8	141157.0	-1	5
141157.0	141159.4	1	5
141159.4	141164.2	-1	5
141164.2	141166.6	1	5
141166.6	141178.6	-1	5
141178.6	141181.0	1	5
141181.0	141183.4	-1	5
141183.4	141185.8	1	5
141185.8	141195.4	-1	5
141195.4	141197.8	1	5
141197.8	141200.2	-1	5
141200.2	141207.4	1	5
141207.4	141209.8	-1	5
141209.8	141219.4	1	5
141343	142473.4	2	5
142473.4	142497	1	0
142485	142497	2	5
142573	142577.8	1	5
142577.8	142582.6	-1	5
142582.6	142585.0	1	5
142585.0	142589.8	-1	5
142589.8	142594.6	1	5
142594.6	142597.0	-1	5
142597.0	142604.2	1	5
142604.2	142606.6	-1	5
142606.6	142616.2	1	5
142616.2	142621.0	-1	5
142621.0	142623.4	1	5
142623.4	142625.8	-1	5
142625.8	142630.6	1	5
142630.6	142633.0	-1	5
142633.0	142635.4	1	5
142635.4	142637.8	-1	5
142637.8	142640.2	1	5
142640.2	142654.6	-1	5
142654.6	142657.0	1	5
142657.0	142659.4	-1	5
142659.4	142664.2	1	5
142664.2	142669.0	-1	5
142669.0	142671.4	1	5
142671.4	142673.8	-1	5
142673.8	142676.2	1	5
142676.2	142678.6	-1	5
142678.6	142685.8	1	5
142685.8	142688.2	-1	5
142688.2	142690.6	1	5
142690.6	142697.8	-1	5
142697.8	142707.4	1	5
142707.4	142709.8	-1	5
142709.8	142712.2	1	5
142712.2	142714.6	-1	5
142714.6	142719.4	1	5
142843	143973.4	2	5
143985	143997	2	5
144073	144077.8	-1	5
144077.8	144080.2	1	5
144080.2	144082.6	-1	5
144082.6	144085.0	1	5
144085.0	144087.4	-1	5
144087.4	144092.2	1	5
144092.2	144109.0	-1	5
144109.0	144111.4	1	5
144111.4	144113.8	-1	5
144113.8	144123.4	1	5
144123.4	144125.8	-1	5
144125.8	144128.2	1	5
144128.2	144130.6	-1	5
144130.6	144135.4	1	5
144135.4	144140.2	-1	5
144140.2	144142.6	1	5
144142.6	144145.0	-1	5
144145.0	144147.4	1	5
144147.4	144149.8	-1	5
144149.8	144154.6	1	5
144154.6	144157.0	-1	5
144157.0	144161.8	1	5
144161.8	144171.4	-1	5
144171.4	144173.8	1	5
144173.8	144185.8	-1	5
144185.8	144188.2	1	5
144188.2	144195.4	-1	5
144195.4	144197.8	1	5
144197.8	144200.2	-1	5
144200.2	144205.0	1	5
144205.0	144207.4	-1	5
144207.4	144217.0	1	5
144217.0	144219.4	-1	5
144343	145473.4	2	5
145473.4	145497	1	0
145485	145497	2	5
145573	145580.2	-1	5
145580.2	145589.8	1	5
145589.8	145594.6	-1	5
145594.6	145604.2	1	5
145604.2	145606.6	-1	5
145606.6	145609	1	5
145609	145613.8	-1	5
145613.8	145616.2	1	5
145616.2	145618.6	-1	5
145618.6	145621.0	1	5
145621.0	145623.4	-1	5
145623.4	145628.2	1	5
145628.2	145630.6	-1	5
145630.6	145633.0	1	5
145633.0	145635.4	-1	5
145635.4	145640.2	1	5
145640.2	145645.0	-1	5
145645.0	145649.8	1	5
145649.8	145652.2	-1	5
145652.2	145657.0	1	5
145657.0	145659.4	-1	5
145659.4	145666.6	1	5
145666.6	145671.4	-1	5
145671.4	145673.8	1	5
145673.8	145681.0	-1	5
145681.0	145683.4	1	5
145683.4	145693.0	-1	5
145693.0	145695.4	1	5
145695.4	145700.2	-1	5
145700.2	145714.6	1	5
145714.6	145717.0	-1	5
145717.0	145719.4	1	5
145843	146973.4	2	5
146985	146997	2	5
147073	147085	1	5
147085	147087.4	-1	5
147087.4	147092.2	1	5
147092.2	147094.6	-1	5
147094.6	147104.2	1	5
147104.2	147106.6	-1	5
147106.6	147109.0	1	5
147109.0	147111.4	-1	5
147111.4	147113.8	1	5
147113.8	147116.2	-1	5
147116.2	147118.6	1	5
147118.6	147123.4	-1	5
147123.4	147130.6	1	5
147130.6	147133.0	-1	5
147133.0	147140.2	1	5
147140.2	147142.6	-1	5
147142.6	147145.0	1	5
147145.0	147154.6	-1	5
147154.6	147169.0	1	5
147169.0	147171.4	-1	5
147171.4	147181.0	1	5
147181.0	147183.4	-1	5
147183.4	147185.8	1	5
147185.8	147193.0	-1	5
147193.0	147197.8	1	5
147197.8	147207.4	-1	5
147207.4	147214.6	1	5
147214.6	147217.0	-1	5
147217.0	147219.4	1	5
147343	148473.4	2	5
148473.4	148497	1	0
148485	148497	2	5
148573	148575.4	-1	5
148575.4	148577.8	1	5
148577.8	148585	-1	5
148585	148594.6	1	5
148594.6	148597	-1	5
148597	148599.4	1	5
148599.4	148601.8	-1	5
148601.8	148606.6	1	5
148606.6	148609.0	-1	5
148609.0	148611.4	1	5
148611.4	148621.0	-1	5
148621.0	148625.8	1	5
148625.8	148630.6	-1	5
148630.6	148633.0	1	5
148633.0	148637.8	-1	5
148637.8	148640.2	1	5
148640.2	148654.6	-1	5
148654.6	148657.0	1	5
148657.0	148659.4	-1	5
148659.4	148664.2	1	5
148664.2	148673.8	-1	5
148673.8	148683.4	1	5
148683.4	148688.2	-1	5
148688.2	148690.6	1	5
148690.6	148695.4	-1	5
148695.4	148697.8	1	5
148697.8	148700.2	-1	5
148700.2	148712.2	1	5
148712.2	148719.4	-1	5
148843	149973.4	2	5
149985	149997	2	5
150073	150075.4	1	5
150075.4	150080.2	-1	5
150080.2	150092.2	1	5
150092.2	150094.6	-1	5
150094.6	150099.4	1	5
150099.4	150101.8	-1	5
150101.8	150106.6	1	5
150106.6	150111.4	-1	5
150111.4	150116.2	1	5
150116.2	150118.6	-1	5
150118.6	150130.6	1	5
150130.6	150133.0	-1	5
150133.0	150135.4	1	5
150135.4	150137.8	-1	5
150137.8	150140.2	1	5
150140.2	150145.0	-1	5
150145.0	150147.4	1	5
150147.4	150154.6	-1	5
150154.6	150159.4	1	5
150159.4	150161.8	-1	5
150161.8	150169.0	1	5
150169.0	150173.8	-1	5
150173.8	150176.2	1	5
150176.2	150181.0	-1	5
150181.0	150188.2	1	5
150188.2	150190.6	-1	5
150190.6	150193.0	1	5
150193.0	150195.4	-1	5
150195.4	150200.2	1	5
150200.2	150202.6	-1	5
150202.6	150205.0	1	5
150205.0	150209.8	-1	5
150209.8	150214.6	1	5
150214.6	150219.4	-1	5
150343	151473.4	2	5
151473.4	151497	1	0
151485	151497	2	5
151573	151580.2	1	5
151580.2	151587.4	-1	5
151587.4	151592.2	1	5
151592.2	151594.6	-1	5
151594.6	151599.4	1	5
151599.4	151601.8	-1	5
151601.8	151604.2	1	5
151604.2	151611.4	-1	5
151611.4	151613.8	1	5
151613.8	151616.2	-1	5
151616.2	151618.6	1	5
151618.6	151633.0	-1	5
151633.0	151635.4	1	5
151635.4	151637.8	-1	5
151637.8	151640.2	1	5
151640.2	151642.6	-1	5
151642.6	151645.0	1	5
151645.0	151647.4	-1	5
151647.4	151649.8	1	5
151649.8	151652.2	-1	5
151652.2	151659.4	1	5
151659.4	151673.8	-1	5
151673.8	151690.6	1	5
151690.6	151693.0	-1	5
151693.0	151695.4	1	5
151695.4	151702.6	-1	5
151702.6	151709.8	1	5
151709.8	151714.6	-1	5
151714.6	151717.0	1	5
151717.0	151719.4	-1	5
151843	152973.4	2	5
152985	152997	2	5
153073	153075.4	1	5
153075.4	153080.2	-1	5
153080.2	153085.0	1	5
153085.0	153087.4	-1	5
153087.4	153089.8	1	5
153089.8	153094.6	-1	5
153094.6	153099.4	1	5
153099.4	153101.8	-1	5
153101.8	153104.2	1	5
153104.2	153106.6	-1	5
153106.6	153121.0	1	5
153121.0	153123.4	-1	5
153123.4	153128.2	1	5
153128.2	153133.0	-1	5
153133.0	153147.4	1	5
153147.4	153154.6	-1	5
153154.6	153159.4	1	5
153159.4	153166.6	-1	5
153166.6	153169.0	1	5
153169.0	153181.0	-1	5
153181.0	153183.4	1	5
153183.4	153200.2	-1	5
153200.2	153202.6	1	5
153202.6	153205.0	-1	5
153205.0	153207.4	1	5
153207.4	153209.8	-1	5
153209.8	153214.6	1	5
153214.6	153217.0	-1	5
153217.0	153219.4	1	5
153343	154473.4	2	5
154473.4	154497	1	0
154485	154497	2	5
154573	154577.8	1	5
154577.8	154580.2	-1	5
154580.2	154585.0	1	5
154585.0	154587.4	-1	5
154587.4	154599.4	1	5
154599.4	154606.6	-1	5
154606.6	154611.4	1	5
154611.4	154613.8	-1	5
154613.8	154616.2	1	5
154616.2	154621.0	-1	5
154621.0	154625.8	1	5
154625.8	154628.2	-1	5
154628.2	154635.4	1	5
154635.4	154642.6	-1	5
154642.6	154645.0	1	5
154645.0	154647.4	-1	5
154647.4	154649.8	1	5
154649.8	154654.6	-1	5
154654.6	154657.0	1	5
154657.0	154659.4	-1	5
154659.4	154669.0	1	5
154669.0	154671.4	-1	5
154671.4	154673.8	1	5
154673.8	154681.0	-1	5
154681.0	154685.8	1	5
154685.8	154688.2	-1	5
154688.2	154697.8	1	5
154697.8	154700.2	-1	5
154700.2	154702.6	1	5
154702.6	154709.8	-1	5
154709.8	154719.4	1	5
154843	155973.4	2	5
155985	155997	2	5
156073	156075.4	1	5
156075.4	156080.2	-1	5
156080.2	156082.6	1	5
156082.6	156085.0	-1	5
156085.0	156087.4	1	5
156087.4	156092.2	-1	5
156092.2	156094.6	1	5
156094.6	156097.0	-1	5
156097.0	156099.4	1	5
156099.4	156104.2	-1	5
156104.2	156111.4	1	5
156111.4	156113.8	-1	5
156113.8	156116.2	1	5
156116.2	156118.6	-1	5
156118.6	156123.4	1	5
156123.4	156125.8	-1	5
156125.8	156130.6	1	5
156130.6	156133.0	-1	5
156133.0	156135.4	1	5
156135.4	156142.6	-1	5
156142.6	156145.0	1	5
156145.0	156147.4	-1	5
156147.4	156149.8	1	5
156149.8	156152.2	-1	5
156152.2	156154.6	1	5
156154.6	156161.8	-1	5
156161.8	156164.2	1	5
156164.2	156171.4	-1	5
156171.4	156178.6	1	5
156178.6	156185.8	-1	5
156185.8	156193.0	1	5
156193.0	156195.4	-1	5
156195.4	156197.8	1	5
156197.8	156202.6	-1	5
156202.6	156205.0	1	5
156205.0	156209.8	-1	5
156209.8	156217.0	1	5
156217.0	156219.4	-1	5
156343	157473.4	2	5
157473.4	157497	1	0
157485	157497	2	5
157573	157575.4	-1	5
157575.4	157577.8	1	5
157577.8	157592.2	-1	5
157592.2	157594.6	1	5
157594.6	157599.4	-1	5
157599.4	157601.8	1	5
157601.8	157604.2	-1	5
157604.2	157609.0	1	5
157609.0	157611.4	-1	5
157611.4	157613.8	1	5
157613.8	157618.6	-1	5
157618.6	157621.0	1	5
157621.0	157623.4	-1	5
157623.4	157628.2	1	5
157628.2	157630.6	-1	5
157630.6	157633.0	1	5
157633.0	157635.4	-1	5
157635.4	157642.6	1	5
157642.6	157645.0	-1	5
157645.0	157647.4	1	5
157647.4	157652.2	-1	5
157652.2	157659.4	1	5
157659.4	157661.8	-1	5
157661.8	157664.2	1	5
157664.2	157669.0	-1	5
157669.0	157671.4	1	5
157671.4	157681.0	-1	5
157681.0	157685.8	1	5
157685.8	157693.0	-1	5
157693.0	157700.2	1	5
157700.2	157702.6	-1	5
157702.6	157709.8	1	5
157709.8	157712.2	-1	5
157712.2	157717.0	1	5
157717.0	157719.4	-1	5
157843	158973.4	2	5
158985	158997	2	5
159073	159080.2	1	5
159080.2	159082.6	-1	5
159082.6	159085	1	5
159085	159087.4	-1	5
159087.4	159104.2	1	5
159104.2	159109.0	-1	5
159109.0	159118.6	1	5
159118.6	159121.0	-1	5
159121.0	159128.2	1	5
159128.2	159130.6	-1	5
159130.6	159135.4	1	5
159135.4	159137.8	-1	5
159137.8	159145.0	1	5
159145.0	159154.6	-1	5
159154.6	159159.4	1	5
159159.4	159161.8	-1	5
159161.8	159164.2	1	5
159164.2	159166.6	-1	5
159166.6	159171.4	1	5
159171.4	159173.8	-1	5
159173.8	159176.2	1	5
159176.2	159178.6	-1	5
159178.6	159183.4	1	5
159183.4	159185.8	-1	5
159185.8	159190.6	1	5
159190.6	159193.0	-1	5
159193.0	159195.4	1	5
159195.4	159205.0	-1	5
159205.0	159207.4	1	5
159207.4	159217.0	-1	5
159217.0	159219.4	1	5
159343	160473.4	2	5
160473.4	160497	1	0
160485	160497	2	5
160573	160575.4	1	5
160575.4	160577.8	-1	5
160577.8	160587.4	1	5
160587.4	160589.8	-1	5
160589.8	160592.2	1	5
160592.2	160594.6	-1	5
160594.6	160597.0	1	5
160597.0	160601.8	-1	5
160601.8	160609.0	1	5
160609.0	160613.8	-1	5
160613.8	160616.2	1	5
160616.2	160618.6	-1	5
160618.6	160623.4	1	5
160623.4	160637.8	-1	5
160637.8	160640.2	1	5
160640.2	160642.6	-1	5
160642.6	160645.0	1	5
160645.0	160647.4	-1	5
160647.4	160649.8	1	5
160649.8	160652.2	-1	5
160652.2	160661.8	1	5
160661.8	160669.0	-1	5
160669.0	160673.8	1	5
160673.8	160676.2	-1	5
160676.2	160688.2	1	5
160688.2	160697.8	-1	5
160697.8	160702.6	1	5
160702.6	160707.4	-1	5
160707.4	160714.6	1	5
160714.6	160719.4	-1	5
160843	161973.4	2	5
161985	161997	2	5
162073	162077.8	-1	5
162077.8	162085	1	5
162085	162089.8	-1	5
162089.8	162092.2	1	5
162092.2	162097.0	-1	5
162097.0	162099.4	1	5
162099.4	162104.2	-1	5
162104.2	162106.6	1	5
162106.6	162125.8	-1	5
162125.8	162130.6	1	5
162130.6	162133.0	-1	5
162133.0	162135.4	1	5
162135.4	162140.2	-1	5
162140.2	162152.2	1	5
162152.2	162154.6	-1	5
162154.6	162157.0	1	5
162157.0	162166.6	-1	5
162166.6	162176.2	1	5
162176.2	162190.6	-1	5
162190.6	162195.4	1	5
162195.4	162197.8	-1	5
162197.8	162200.2	1	5
162200.2	162205.0	-1	5
162205.0	162207.4	1	5
162207.4	162209.8	-1	5
162209.8	162214.6	1	5
162214.6	162217.0	-1	5
162217.0	162219.4	1	5
162343	163473.4	2	5
163473.4	163497	1	0
163485	163497	2	5
163573	163582.6	-1	5
163582.6	163587.4	1	5
163587.4	163589.8	-1	5
163589.8	163599.4	1	5
163599.4	163601.8	-1	5
163601.8	163604.2	1	5
163604.2	163609.0	-1	5
163609.0	163611.4	1	5
163611.4	163618.6	-1	5
163618.6	163630.6	1	5
163630.6	163640.2	-1	5
163640.2	163645.0	1	5
163645.0	163647.4	-1	5
163647.4	163652.2	1	5
163652.2	163661.8	-1	5
163661.8	163664.2	1	5
163664.2	163666.6	-1	5
163666.6	163671.4	1	5
163671.4	163683.4	-1	5
163683.4	163685.8	1	5
163685.8	163690.6	-1	5
163690.6	163695.4	1	5
163695.4	163700.2	-1	5
163700.2	163702.6	1	5
163702.6	163705.0	-1	5
163705.0	163709.8	1	5
163709.8	163712.2	-1	5
163712.2	163714.6	1	5
163714.6	163717.0	-1	5
163717.0	163719.4	1	5
163843	164973.4	2	5
164985	164997	2	5
165073	165075.4	1	5
165075.4	165077.8	-1	5
165077.8	165085	1	5
165085	165087.4	-1	5
165087.4	165089.8	1	5
165089.8	165092.2	-1	5
165092.2	165104.2	1	5
165104.2	165128.2	-1	5
165128.2	165130.6	1	5
165130.6	165133.0	-1	5
165133.0	165140.2	1	5
165140.2	165142.6	-1	5
165142.6	165145.0	1	5
165145.0	165147.4	-1	5
165147.4	165157.0	1	5
165157.0	165159.4	-1	5
165159.4	165161.8	1	5
165161.8	165164.2	-1	5
165164.2	165169.0	1	5
165169.0	165176.2	-1	5
165176.2	165181.0	1	5
165181.0	165183.4	-1	5
165183.4	165190.6	1	5
165190.6	165195.4	-1	5
165195.4	165197.8	1	5
165197.8	165205.0	-1	5
165205.0	165209.8	1	5
165209.8	165214.6	-1	5
165214.6	165219.4	1	5
165343	166473.4	2	5
166473.4	166497	1	0
166485	166497	2	5
166573	166580.2	1	5
166580.2	166587.4	-1	5
166587.4	166592.2	1	5
166592.2	166594.6	-1	5
166594.6	166599.4	1	5
166599.4	166604.2	-1	5
166604.2	166611.4	1	5
166611.4	166613.8	-1	5
166613.8	166618.6	1	5
166618.6	166621.0	-1	5
166621.0	166625.8	1	5
166625.8	166628.2	-1	5
166628.2	166630.6	1	5
166630.6	166633.0	-1	5
166633.0	166640.2	1	5
166640.2	166652.2	-1	5
166652.2	166661.8	1	5
166661.8	166669.0	-1	5
166669.0	166671.4	1	5
166671.4	166676.2	-1	5
166676.2	166678.6	1	5
166678.6	166681.0	-1	5
166681.0	166688.2	1	5
166688.2	166693.0	-1	5
166693.0	166697.8	1	5
166697.8	166705.0	-1	5
166705.0	166714.6	1	5
166714.6	166717.0	-1	5
166717.0	166719.4	1	5
166843	167973.4	2	5
167985	167997	2	5
168073	168075.4	-1	5
168075.4	168082.6	1	5
168082.6	168085	-1	5
168085	168092.2	1	5
168092.2	168104.2	-1	5
168104.2	168106.6	1	5
168106.6	168109	-1	5
168109	168111.4	1	5
168111.4	168116.2	-1	5
168116.2	168118.6	1	5
168118.6	168121.0	-1	5
168121.0	168125.8	1	5
168125.8	168128.2	-1	5
168128.2	168140.2	1	5
168140.2	168145.0	-1	5
168145.0	168147.4	1	5
168147.4	168152.2	-1	5
168152.2	168154.6	1	5
168154.6	168161.8	-1	5
168161.8	168164.2	1	5
168164.2	168171.4	-1	5
168171.4	168173.8	1	5
168173.8	168176.2	-1	5
168176.2	168183.4	1	5
168183.4	168193.0	-1	5
168193.0	168195.4	1	5
168195.4	168202.6	-1	5
168202.6	168207.4	1	5
168207.4	168214.6	-1	5
168214.6	168219.4	1	5
168343	169473.4	2	5
169473.4	169497	1	0
169485	169497	2	5
169573	169577.8	-1	5
169577.8	169580.2	1	5
169580.2	169582.6	-1	5
169582.6	169585.0	1	5
169585.0	169594.6	-1	5
169594.6	169609.0	1	5
169609.0	169613.8	-1	5
169613.8	169618.6	1	5
169618.6	169623.4	-1	5
169623.4	169630.6	1	5
169630.6	169635.4	-1	5
169635.4	169642.6	1	5
169642.6	169645.0	-1	5
169645.0	169647.4	1	5
169647.4	169654.6	-1	5
169654.6	169659.4	1	5
169659.4	169678.6	-1	5
169678.6	169685.8	1	5
169685.8	169690.6	-1	5
169690.6	169693.0	1	5
169693.0	169695.4	-1	5
169695.4	169697.8	1	5
169697.8	169700.2	-1	5
169700.2	169702.6	1	5
169702.6	169705.0	-1	5
169705.0	169709.8	1	5
169709.8	169712.2	-1	5
169712.2	169714.6	1	5
169714.6	169719.4	-1	5
169843	170973.4	2	5
170985	170997	2	5
171073	171075.4	-1	5
171075.4	171077.8	1	5
171077.8	171082.6	-1	5
171082.6	171087.4	1	5
171087.4	171094.6	-1	5
171094.6	171099.4	1	5
171099.4	171106.6	-1	5
171106.6	171109.0	1	5
171109.0	171111.4	-1	5
171111.4	171113.8	1	5
171113.8	171116.2	-1	5
171116.2	171118.6	1	5
171118.6	171123.4	-1	5
171123.4	171125.8	1	5
171125.8	171128.2	-1	5
171128.2	171133.0	1	5
171133.0	171135.4	-1	5
171135.4	171137.8	1	5
171137.8	171140.2	-1	5
171140.2	171142.6	1	5
171142.6	171147.4	-1	5
171147.4	171152.2	1	5
171152.2	171154.6	-1	5
171154.6	171159.4	1	5
171159.4	171161.8	-1	5
171161.8	171169.0	1	5
171169.0	171171.4	-1	5
171171.4	171173.8	1	5
171173.8	171183.4	-1	5
171183.4	171188.2	1	5
171188.2	171190.6	-1	5
171190.6	171200.2	1	5
171200.2	171202.6	-1	5
171202.6	171205.0	1	5
171205.0	171207.4	-1	5
171207.4	171219.4	1	5
171343	172473.4	2	5
172473.4	172497	1	0
172485	172497	2	5
172573	172575.4	-1	5
172575.4	172582.6	1	5
172582.6	172587.4	-1	5
172587.4	172594.6	1	5
172594.6	172597	-1	5
172597	172599.4	1	5
172599.4	172604.2	-1	5
172604.2	172613.8	1	5
172613.8	172621	-1	5
172621	172630.6	1	5
172630.6	172633	-1	5
172633	172635.4	1	5
172635.4	172640.2	-1	5
172640.2	172642.6	1	5
172642.6	172647.4	-1	5
172647.4	172649.8	1	5
172649.8	172666.6	-1	5
172666.6	172673.8	1	5
172673.8	172678.6	-1	5
172678.6	172681.0	1	5
172681.0	172688.2	-1	5
172688.2	172690.6	1	5
172690.6	172705.0	-1	5
172705.0	172707.4	1	5
172707.4	172712.2	-1	5
172712.2	172719.4	1	5
172843	173973.4	2	5
173985	173997	2	5
174073	174075.4	-1	5
174075.4	174085	1	5
174085	174089.8	-1	5
174089.8	174092.2	1	5
174092.2	174094.6	-1	5
174094.6	174097.0	1	5
174097.0	174099.4	-1	5
174099.4	174104.2	1	5
174104.2	174106.6	-1	5
174106.6	174111.4	1	5
174111.4	174113.8	-1	5
174113.8	174118.6	1	5
174118.6	174125.8	-1	5
174125.8	174128.2	1	5
174128.2	174133.0	-1	5
174133.0	174135.4	1	5
174135.4	174142.6	-1	5
174142.6	174147.4	1	5
174147.4	174152.2	-1	5
174152.2	174154.6	1	5
174154.6	174157.0	-1	5
174157.0	174159.4	1	5
174159.4	174161.8	-1	5
174161.8	174164.2	1	5
174164.2	174169.0	-1	5
174169.0	174171.4	1	5
174171.4	174188.2	-1	5
174188.2	174193.0	1	5
174193.0	174207.4	-1	5
174207.4	174212.2	1	5
174212.2	174219.4	-1	5
174343	175473.4	2	5
175473.4	175497	1	0
175485	175497	2	5
175573	175575.4	1	5
175575.4	175577.8	-1	5
175577.8	175585	1	5
175585	175587.4	-1	5
175587.4	175589.8	1	5
175589.8	175594.6	-1	5
175594.6	175597.0	1	5
175597.0	175599.4	-1	5
175599.4	175601.8	1	5
175601.8	175609.0	-1	5
175609.0	175613.8	1	5
175613.8	175618.6	-1	5
175618.6	175621.0	1	5
175621.0	175625.8	-1	5
175625.8	175630.6	1	5
175630.6	175637.8	-1	5
175637.8	175645.0	1	5
175645.0	175652.2	-1	5
175652.2	175654.6	1	5
175654.6	175657.0	-1	5
175657.0	175659.4	1	5
175659.4	175669.0	-1	5
175669.0	175673.8	1	5
175673.8	175676.2	-1	5
175676.2	175678.6	1	5
175678.6	175683.4	-1	5
175683.4	175690.6	1	5
175690.6	175693.0	-1	5
175693.0	175697.8	1	5
175697.8	175700.2	-1	5
175700.2	175705.0	1	5
175705.0	175707.4	-1	5
175707.4	175712.2	1	5
175712.2	175717.0	-1	5
175717.0	175719.4	1	5
175843	176973.4	2	5
176985	176997	2	5
177073	177077.8	1	5
177077.8	177082.6	-1	5
177082.6	177085.0	1	5
177085.0	177087.4	-1	5
177087.4	177092.2	1	5
177092.2	177094.6	-1	5
177094.6	177097.0	1	5
177097.0	177101.8	-1	5
177101.8	177104.2	1	5
177104.2	177106.6	-1	5
177106.6	177113.8	1	5
177113.8	177118.6	-1	5
177118.6	177121.0	1	5
177121.0	177133.0	-1	5
177133.0	177135.4	1	5
177135.4	177137.8	-1	5
177137.8	177147.4	1	5
177147.4	177152.2	-1	5
177152.2	177161.8	1	5
177161.8	177169.0	-1	5
177169.0	177171.4	1	5
177171.4	177173.8	-1	5
177173.8	177176.2	1	5
177176.2	177178.6	-1	5
177178.6	177181.0	1	5
177181.0	177185.8	-1	5
177185.8	177188.2	1	5
177188.2	177195.4	-1	5
177195.4	177197.8	1	5
177197.8	177205.0	-1	5
177205.0	177207.4	1	5
177207.4	177219.4	-1	5
177343	178473.4	2	5
178473.4	178497	1	0
178485	178497	2	5
178573	178575.4	1	5
178575.4	178585	-1	5
178585	178587.4	1	5
178587.4	178589.8	-1	5
178589.8	178592.2	1	5
178592.2	178594.6	-1	5
178594.6	178606.6	1	5
178606.6	178611.4	-1	5
178611.4	178616.2	1	5
178616.2	178621.0	-1	5
178621.0	178623.4	1	5
178623.4	178628.2	-1	5
178628.2	178630.6	1	5
178630.6	178633.0	-1	5
178633.0	178635.4	1	5
178635.4	178640.2	-1	5
178640.2	178647.4	1	5
178647.4	178649.8	-1	5
178649.8	178659.4	1	5
178659.4	178673.8	-1	5
178673.8	178676.2	1	5
178676.2	178681.0	-1	5
178681.0	178683.4	1	5
178683.4	178688.2	-1	5
178688.2	178690.6	1	5
178690.6	178693.0	-1	5
178693.0	178697.8	1	5
178697.8	178700.2	-1	5
178700.2	178705.0	1	5
178705.0	178709.8	-1	5
178709.8	178712.2	1	5
178712.2	178719.4	-1	5
178843	179973.4	2	5
179985	179997	2	5
180073	180075.4	-1	5
180075.4	180077.8	1	5
180077.8	180080.2	-1	5
180080.2	180085.0	1	5
180085.0	180087.4	-1	5
180087.4	180089.8	1	5
180089.8	180094.6	-1	5
180094.6	180099.4	1	5
180099.4	180104.2	-1	5
180104.2	180109.0	1	5
180109.0	180111.4	-1	5
180111.4	180113.8	1	5
180113.8	180116.2	-1	5
180116.2	180118.6	1	5
180118.6	180121.0	-1	5
180121.0	180135.4	1	5
180135.4	180137.8	-1	5
180137.8	180142.6	1	5
180142.6	180145.0	-1	5
180145.0	180154.6	1	5
180154.6	180159.4	-1	5
180159.4	180164.2	1	5
180164.2	180166.6	-1	5
180166.6	180171.4	1	5
180171.4	180173.8	-1	5
180173.8	180178.6	1	5
180178.6	180181.0	-1	5
180181.0	180183.4	1	5
180183.4	180185.8	-1	5
180185.8	180195.4	1	5
180195.4	180200.2	-1	5
180200.2	180202.6	1	5
180202.6	180205.0	-1	5
180205.0	180207.4	1	5
180207.4	180214.6	-1	5
180214.6	180219.4	1	5
180343	181473.4	2	5
181473.4	181497	1	0
181485	181497	2	5
181573	181575.4	-1	5
181575.4	181585	1	5
181585	181587.4	-1	5
181587.4	181592.2	1	5
181592.2	181597.0	-1	5
181597.0	181599.4	1	5
181599.4	181604.2	-1	5
181604.2	181613.8	1	5
181613.8	181618.6	-1	5
181618.6	181621.0	1	5
181621.0	181628.2	-1	5
181628.2	181633.0	1	5
181633.0	181637.8	-1	5
181637.8	181640.2	1	5
181640.2	181645.0	-1	5
181645.0	181649.8	1	5
181649.8	181654.6	-1	5
181654.6	181659.4	1	5
181659.4	181661.8	-1	5
181661.8	181666.6	1	5
181666.6	181669.0	-1	5
181669.0	181671.4	1	5
181671.4	181673.8	-1	5
181673.8	181676.2	1	5
181676.2	181688.2	-1	5
181688.2	181690.6	1	5
181690.6	181693.0	-1	5
181693.0	181700.2	1	5
181700.2	181705.0	-1	5
181705.0	181707.4	1	5
181707.4	181709.8	-1	5
181709.8	181712.2	1	5
181712.2	181717.0	-1	5
181717.0	181719.4	1	5
181843	182973.4	2	5
182985	182997	2	5
183343	184473.4	2	5
184473.4	184497	1	0
184485	184497	2	5
184843	185973.4	2	5
185985	185997	2	5
186343	187473.4	2	5
187473.4	187497	1	0
187485	187497	2	5
187843	188973.4	2	5
188985	188997	2	5
189343	190473.4	2	5
190473.4	190497	1	0
190485	190497	2	5
190843	191973.4	2	5
191985	191997	2	5
