24
96
245
0
32
10560
738
16
3
1
0
14
0
14
14
1
20
0
0
0
0
1
4
-1
1
1
1
1
-1
-1
-1
1
-1
-1
1
-1
-1
1
-1
1
1
-1
1
1
-1
-1
1
-1
1
-1
-1
1
-1
1
1
1
1
1
-1
1
-1
-1
1
-1
-1
-1
1
-1
-1
-1
-1
-1
1
-1
-1
1
-1
-1
-1
1
1
-1
-1
1
-1
-1
1
-1
1
1
1
-1
-1
-1
1
-1
-1
1
1
1
1
-1
1
1
1
-1
1
-1
-1
-1
-1
1
1
1
-1
-1
1
-1
-1
1
1
1
-1
-1
-1
-1
-1
1
-1
1
1
1
1
1
1
-1
1
-1
-1
-1
-1
-1
1
-1
1
1
-1
-1
1
1
-1
-1
1
1
1
1
1
-1
1
-1
-1
1
-1
1
-1
1
1
-1
1
-1
1
1
1
-1
-1
1
1
1
1
-1
-1
1
-1
-1
1
1
-1
1
1
-1
-1
1
-1
1
-1
1
-1
-1
1
1
1
-1
-1
1
1
-1
1
-1
1
1
1
-1
-1
-1
-1
1
1
1
1
-1
1
-1
-1
1
-1
-1
-1
-1
1
-1
-1
-1
1
-1
1
-1
1
-1
1
-1
1
-1
1
1
1
-1
1
-1
1
1
-1
-1
1
-1
1
-1
-1
-1
-1
-1
1
1
-1
1
1
-1
-1
-1
1
-1
-1
1
1
-1
1
1
1
1
1
1
1
1
1
1
-1
1
-1
-1
1
-1
-1
1
1
1
-1
-1
1
-1
1
1
-1
1
1
1
-1
-1
1
-1
1
1
1
-1
1
1
-1
1
-1
1
1
1
1
-1
-1
1
1
-1
-1
1
1
-1
-1
1
-1
1
-1
-1
-1
-1
1
-1
1
-1
1
1
1
1
1
-1
-1
1
1
1
1
1
-1
-1
-1
-1
1
-1
1
-1
1
-1
-1
1
-1
-1
-1
1
1
1
-1
-1
-1
-1
1
1
-1
-1
-1
1
-1
-1
1
1
-1
-1
-1
1
1
1
1
-1
-1
-1
-1
1
1
1
-1
1
1
1
-1
1
-1
1
1
1
1
1
1
1
1
1
1
1
1
-1
1
1
1
1
1
-1
1
1
1
1
-1
-1
-1
1
-1
1
1
1
-1
1
1
1
-1
1
1
1
-1
-1
1
1
1
-1
1
-1
1
-1
1
-1
-1
1
1
1
1
1
-1
1
-1
1
1
-1
-1
-1
1
1
1
-1
1
1
-1
-1
1
-1
1
1
-1
-1
-1
1
1
-1
1
-1
1
1
1
1
-1
-1
-1
-1
-1
-1
1
1
1
1
-1
-1
1
1
1
1
1
-1
1
1
-1
1
-1
-1
1
-1
-1
-1
1
1
-1
-1
-1
-1
-1
-1
-1
1
1
-1
